ORG Protein,ORG Ligand,ORG Residue,ORG Residue Number,ORG Residue Atom,ORG Distance,ORG Score,ORG Drug X,ORG Drug Y,ORG Drug Z,MUT Protein,MUT Ligand,MUT Residue,MUT Residue Number,MUT Residue Atom,MUT Distance,MUT Score,MUT Drug X,MUT Drug Y,MUT Drug Z
T1027_AlphaFold_casp2,ECMDB00045,ALA,47,CA,5.943709578783883,-6.5,2.886333333333334,-3.0980370370370367,2.9373333333333336,T1027_AlphaFold_casp3,ECMDB00045,ALA,47,CA,6.9031289147344665,-6.6,3.921259259259259,-1.644111111111111,1.729740740740741
T1027_AlphaFold_casp2,ECMDB00048,LEU,131,CA,5.3814040719537095,-5.9,3.8934516129032257,-0.32335483870967746,1.588935483870968,T1027_AlphaFold_casp3,ECMDB00048,LEU,131,CA,19.229023419374453,-5.6,9.377677419354841,-6.104161290322581,-10.193129032258064
T1027_AlphaFold_casp2,ECMDB00055,LEU,144,CA,5.160461182796236,-6.0,9.933741935483871,-5.170838709677419,-10.470451612903226,T1027_AlphaFold_casp3,ECMDB00055,LEU,144,CA,7.9805878915461514,-6.1,5.470193548387096,-4.576129032258064,-11.81851612903226
T1027_AlphaFold_casp2,ECMDB00058,ALA,47,CA,5.7451403576936215,-7.2,3.1082399999999994,-3.3248400000000005,3.08708,T1027_AlphaFold_casp3,ECMDB00058,ALA,47,CA,5.768567795909138,-7.2,3.0975200000000003,-3.281599999999999,3.0611599999999997
T1027_AlphaFold_casp2,ECMDB00061,LEU,57,CA,5.535344037586503,-6.8,2.6506,-4.274333333333333,2.9409,T1027_AlphaFold_casp3,ECMDB00061,LEU,57,CA,6.230724715650839,-6.7,3.3979666666666675,-4.2025999999999994,2.8257666666666665
T1027_AlphaFold_casp2,ECMDB00082,MET,43,CA,4.75757685398559,-6.6,4.736575757575758,-3.019545454545455,2.297272727272727,T1027_AlphaFold_casp3,ECMDB00082,MET,43,CA,4.7705735532145335,-7.0,4.744454545454545,-2.852606060606061,2.469424242424242
T1027_AlphaFold_casp2,ECMDB00095,LEU,131,CA,5.83863859487809,-6.1,3.180680000000001,-0.68944,1.3481599999999998,T1027_AlphaFold_casp3,ECMDB00095,LEU,131,CA,5.859392136800541,-6.2,3.14864,-0.5982400000000001,1.25284
T1027_AlphaFold_casp2,ECMDB00121,SER,61,CA,4.190636632678131,-8.4,0.17502702702702716,-4.4168378378378375,1.406810810810811,T1027_AlphaFold_casp3,ECMDB00121,SER,61,CA,8.008966756285549,-8.4,3.6861621621621614,-3.099324324324324,2.3055135135135134
T1027_AlphaFold_casp2,ECMDB00125,LEU,131,CA,4.656353582939027,-5.8,4.064192307692308,1.3876923076923073,1.4584999999999997,T1027_AlphaFold_casp3,ECMDB00125,LEU,131,CA,4.497773121914113,-5.3,2.5616153846153846,1.480653846153846,1.7944999999999995
T1027_AlphaFold_casp2,ECMDB00163,LEU,57,CA,5.427049572026411,-5.7,2.5250645161290315,-5.673451612903225,2.6684516129032256,T1027_AlphaFold_casp3,ECMDB00163,LEU,57,CA,7.031513688703342,-5.7,0.5445806451612902,-8.865290322580645,0.12345161290322616
T1027_AlphaFold_casp2,ECMDB00186,LEU,131,CA,5.1136489442954804,-5.8,3.8805483870967747,0.047838709677419426,1.6461935483870969,T1027_AlphaFold_casp3,ECMDB00186,LEU,131,CA,5.093667685991832,-5.8,3.96416129032258,0.07751612903225809,1.6509032258064515
T1027_AlphaFold_casp2,ECMDB00189,MET,43,CA,5.583933698970492,-7.4,3.690441176470588,-3.174588235294118,2.3291176470588235,T1027_AlphaFold_casp3,ECMDB00189,MET,43,CA,6.546943476931689,-6.7,3.068911764705883,-2.8587647058823538,1.427058823529412
T1027_AlphaFold_casp2,ECMDB00217,ARG,27,CA,6.625208450024875,-6.2,10.072036363636363,-18.830890909090915,-11.714418181818182,T1027_AlphaFold_casp3,ECMDB00217,ARG,27,CA,25.76946760619584,-8.9,1.0478545454545456,-4.4057272727272725,0.3032181818181817
T1027_AlphaFold_casp2,ECMDB00218,LEU,57,CA,5.514800928022712,-6.6,2.1966296296296295,-5.4862962962962945,2.1307037037037038,T1027_AlphaFold_casp3,ECMDB00218,LEU,57,CA,7.62296372360599,-6.5,3.0579999999999994,-1.0151111111111109,2.2667407407407407
T1027_AlphaFold_casp2,ECMDB00229,LEU,131,CA,4.962978281947579,-6.9,3.4990833333333335,1.1339583333333334,1.2379583333333335,T1027_AlphaFold_casp3,ECMDB00229,LEU,131,CA,5.250614269619635,-6.9,3.1511666666666667,0.7500833333333333,1.131916666666667
T1027_AlphaFold_casp2,ECMDB00241,ASP,118,CA,5.037240247081545,-7.3,-13.098909090909087,8.129886363636361,3.391886363636364,T1027_AlphaFold_casp3,ECMDB00241,ASP,118,CA,4.947868649898956,-7.4,-12.989886363636366,8.084045454545455,3.3623409090909093
T1027_AlphaFold_casp2,ECMDB00244,LEU,131,CA,5.0333914076331245,-7.7,3.2873548387096774,-0.02335483870967734,1.8389354838709677,T1027_AlphaFold_casp3,ECMDB00244,LEU,131,CA,14.232961816638216,-6.8,1.0915161290322584,-9.809161290322582,0.2676774193548389
T1027_AlphaFold_casp2,ECMDB00258,LEU,144,CA,5.221136149834563,-5.6,9.563645161290323,-5.098935483870969,-10.507870967741937,T1027_AlphaFold_casp3,ECMDB00258,LEU,144,CA,5.458713518380905,-5.4,9.399000000000001,-5.456612903225808,-10.504645161290323
T1027_AlphaFold_casp2,ECMDB00280,ALA,15,CA,4.799561084171598,-5.0,0.6721249999999998,-9.609958333333333,-0.5039999999999999,T1027_AlphaFold_casp3,ECMDB00280,ALA,15,CA,15.20659801560932,-5.9,2.8608333333333333,1.4279166666666667,1.2359166666666666
T1027_AlphaFold_casp2,ECMDB00285,LEU,131,CA,5.247968886399499,-7.1,3.4484062500000006,0.24040625,1.3774062500000004,T1027_AlphaFold_casp3,ECMDB00285,LEU,131,CA,7.564950076643557,-7.2,3.083031250000001,-3.3656874999999995,1.8079687500000001
T1027_AlphaFold_casp2,ECMDB00288,LEU,131,CA,5.329465227172319,-6.3,1.12025,0.6185416666666667,1.9232916666666666,T1027_AlphaFold_casp3,ECMDB00288,LEU,131,CA,6.426759710788037,-6.4,6.048291666666665,-1.6960416666666667,2.0147916666666665
T1027_AlphaFold_casp2,ECMDB00290,SER,61,CA,4.807637440614359,-8.2,1.4509130434782613,-5.395543478260867,0.40139130434782616,T1027_AlphaFold_casp3,ECMDB00290,SER,61,CA,7.392191316282456,-8.1,3.800673913043478,-4.6601086956521725,1.4293478260869568
T1027_AlphaFold_casp2,ECMDB00293,MET,43,CA,6.26380957580977,-7.4,3.6679444444444442,-2.1045000000000007,1.6968055555555555,T1027_AlphaFold_casp3,ECMDB00293,MET,43,CA,6.039172689462369,-7.4,3.6375277777777786,-2.495694444444444,1.890888888888889
T1027_AlphaFold_casp2,ECMDB00295,LEU,131,CA,5.182591473394565,-7.0,3.120964285714286,0.781607142857143,1.1977142857142855,T1027_AlphaFold_casp3,ECMDB00295,LEU,131,CA,5.167252909191791,-7.0,3.1909285714285724,0.7507857142857143,1.2190714285714286
T1027_AlphaFold_casp2,ECMDB00302,SER,61,CA,5.161947307709723,-7.9,1.4209767441860464,-4.128720930232559,0.10337209302325615,T1027_AlphaFold_casp3,ECMDB00302,SER,61,CA,4.922482374076474,-7.7,1.265372093023256,-4.41693023255814,0.41069767441860483
T1027_AlphaFold_casp2,ECMDB00538,MET,43,CA,5.681028104137489,-7.2,3.2967142857142853,-3.768828571428571,2.662257142857143,T1027_AlphaFold_casp3,ECMDB00538,MET,43,CA,5.833963153039314,-7.2,3.283771428571428,-3.7704857142857144,2.1457999999999995
T1027_AlphaFold_casp2,ECMDB00570,ALA,115,CA,5.367271073534486,-6.9,-13.331020000000006,8.8133,2.667080000000001,T1027_AlphaFold_casp3,ECMDB00570,ALA,115,CA,5.333054089393805,-6.9,-13.160039999999997,8.84798,2.6797199999999997
T1027_AlphaFold_casp2,ECMDB00674,PRO,74,CA,5.678325588284828,-3.1,7.202954545454545,4.018750000000001,-14.725386363636364,T1027_AlphaFold_casp3,ECMDB00674,PRO,74,CA,26.129175893410835,-2.9,15.686363636363637,-19.18911363636364,-2.9092954545454544
T1027_AlphaFold_casp2,ECMDB00797,MET,43,CA,5.874245257781754,-6.2,3.789857142857142,-3.0128285714285714,1.4563142857142857,T1027_AlphaFold_casp3,ECMDB00797,MET,43,CA,5.633703496070117,-6.7,3.866628571428571,-2.9848571428571424,1.925542857142857
T1027_AlphaFold_casp2,ECMDB00830,GLY,32,CA,4.840184544968848,-5.7,8.237555555555558,-5.799555555555555,-10.147814814814815,T1027_AlphaFold_casp3,ECMDB00830,GLY,32,CA,18.322539137853187,-6.0,2.080888888888889,0.5926296296296294,1.6481111111111109
T1027_AlphaFold_casp2,ECMDB00902,SER,61,CA,6.335599690031126,-8.4,2.949384615384616,-5.480480769230768,0.9777692307692306,T1027_AlphaFold_casp3,ECMDB00902,SER,61,CA,5.238141442658725,-8.4,1.948788461538462,-6.190365384615385,0.6393653846153851
T1027_AlphaFold_casp2,ECMDB00905,MET,43,CA,5.471689392500273,-6.6,3.30372,-4.340599999999999,3.1353599999999995,T1027_AlphaFold_casp3,ECMDB00905,MET,43,CA,6.181761499637461,-6.8,5.875,-0.29339999999999994,1.32428
T1027_AlphaFold_casp2,ECMDB00939,LEU,131,CA,4.7101569544287525,-6.6,4.327272727272725,0.6240606060606061,1.781181818181818,T1027_AlphaFold_casp3,ECMDB00939,LEU,131,CA,5.987893634274934,-6.4,4.319818181818182,-0.4928484848484847,0.9792424242424241
T1027_AlphaFold_casp2,ECMDB00960,LEU,131,CA,5.19747507227799,-7.5,3.9039677419354843,0.19045161290322582,1.449225806451613,T1027_AlphaFold_casp3,ECMDB00960,LEU,131,CA,7.040471547402311,-7.2,3.1405806451612905,-3.223096774193549,2.607193548387097
T1027_AlphaFold_casp2,ECMDB00961,LEU,131,CA,4.540182768286366,-8.0,2.24225,2.0634166666666665,1.687,T1027_AlphaFold_casp3,ECMDB00961,LEU,131,CA,4.502575946557026,-7.7,3.236541666666667,0.8595000000000002,1.9108333333333327
T1027_AlphaFold_casp2,ECMDB00972,SER,61,CA,4.201594781597817,-8.0,0.2839500000000001,-4.079274999999999,0.2708249999999997,T1027_AlphaFold_casp3,ECMDB00972,SER,61,CA,7.826888999588215,-8.1,2.6426749999999997,-1.9027749999999997,2.560925
T1027_AlphaFold_casp2,ECMDB00975,GLY,32,CA,4.562596637552253,-6.2,5.799935483870969,-5.201677419354838,-12.355032258064522,T1027_AlphaFold_casp3,ECMDB00975,GLY,32,CA,4.350860485538487,-6.1,5.815,-5.422451612903225,-12.30677419354839
T1027_AlphaFold_casp2,ECMDB00988,LEU,131,CA,4.548086093220131,-6.9,3.4157096774193545,2.0485483870967744,1.3978709677419356,T1027_AlphaFold_casp3,ECMDB00988,LEU,131,CA,5.51835041868422,-6.7,4.105774193548387,-1.1871935483870966,2.2343548387096774
T1027_AlphaFold_casp2,ECMDB00998,MET,43,CA,4.727403805127353,-6.8,4.640645161290322,-3.2416129032258065,2.3440967741935474,T1027_AlphaFold_casp3,ECMDB00998,MET,43,CA,4.876020935920376,-6.9,4.676225806451612,-2.9572903225806453,2.1830000000000003
T1027_AlphaFold_casp2,ECMDB00999,LEU,131,CA,5.317172142558486,-6.5,0.797,2.1126,1.5714400000000006,T1027_AlphaFold_casp3,ECMDB00999,LEU,131,CA,4.720946689807035,-6.4,1.8258400000000004,2.4728,1.59768
T1027_AlphaFold_casp2,ECMDB01000,LEU,131,CA,4.443513901175604,-6.9,2.736576923076924,1.0717307692307694,1.981,T1027_AlphaFold_casp3,ECMDB01000,LEU,131,CA,6.521789068034093,-6.9,3.933423076923077,-2.352076923076923,2.093961538461538
T1027_AlphaFold_casp2,ECMDB01003,MET,43,CA,5.18870011891586,-6.8,4.114290322580645,-3.0706774193548383,2.539838709677419,T1027_AlphaFold_casp3,ECMDB01003,MET,43,CA,5.568169985134315,-7.0,3.2197419354838703,-4.404935483870968,2.994096774193548
T1027_AlphaFold_casp2,ECMDB01044,LEU,57,CA,5.341222174838606,-6.2,2.556962962962962,-5.236481481481483,2.8832962962962965,T1027_AlphaFold_casp3,ECMDB01044,LEU,57,CA,10.099500375872545,-7.1,5.36214814814815,-0.06692592592592593,1.474
T1027_AlphaFold_casp2,ECMDB01056,MET,43,CA,5.652781136856137,-8.5,3.8209487179487187,-2.790000000000001,2.2137435897435895,T1027_AlphaFold_casp3,ECMDB01056,MET,43,CA,8.764853581608472,-8.6,0.26266666666666666,-4.605102564102564,1.4939230769230771
T1027_AlphaFold_casp2,ECMDB01058,LEU,131,CA,4.613122559253317,-5.4,3.5048695652173905,0.8783913043478261,1.7415217391304347,T1027_AlphaFold_casp3,ECMDB01058,LEU,131,CA,5.78137560177258,-5.5,5.484304347826086,-0.5301739130434782,1.5388260869565218
T1027_AlphaFold_casp2,ECMDB01060,PRO,36,CA,5.241961855565776,-5.0,15.865963636363636,-16.50572727272727,-4.959763636363637,T1027_AlphaFold_casp3,ECMDB01060,PRO,36,CA,13.661803587586274,-4.3,8.178600000000001,-19.57685454545455,-13.206709090909092
T1027_AlphaFold_casp2,ECMDB01062,LEU,131,CA,5.2941606700569706,-6.0,0.3744347826086959,1.843173913043479,2.0137391304347827,T1027_AlphaFold_casp3,ECMDB01062,LEU,131,CA,4.855910406815288,-6.0,0.9100434782608696,2.0317826086956527,2.0927826086956522
T1027_AlphaFold_casp2,ECMDB01066,LEU,131,CA,4.658083612461974,-6.3,3.4690967741935483,1.1343225806451611,1.5723870967741933,T1027_AlphaFold_casp3,ECMDB01066,LEU,131,CA,5.1227208616139315,-6.1,3.8420645161290325,0.2919677419354839,1.4733870967741933
T1027_AlphaFold_casp2,ECMDB01079,LYS,34,CA,7.042927786111591,-5.7,13.62455357142858,-18.685517857142855,-6.352392857142858,T1027_AlphaFold_casp3,ECMDB01079,LYS,34,CA,5.9212777384987865,-5.1,10.90575,-17.13989285714285,-11.66751785714286
T1027_AlphaFold_casp2,ECMDB01094,SER,61,CA,6.186666770640345,-9.0,2.568326530612245,-4.471306122448981,0.950857142857143,T1027_AlphaFold_casp3,ECMDB01094,SER,61,CA,20.867151759528305,-4.8,10.575734693877555,-18.920510204081626,-9.373857142857148
T1027_AlphaFold_casp2,ECMDB01095,MET,43,CA,5.748539350847479,-8.2,4.175826086956522,-2.38954347826087,1.6401956521739127,T1027_AlphaFold_casp3,ECMDB01095,MET,43,CA,6.989319883563965,-8.2,2.090782608695652,-3.909739130434782,1.9034347826086953
T1027_AlphaFold_casp2,ECMDB01097,PRO,36,CA,6.7945517844664245,-6.6,15.276608695652172,-18.13084782608696,-6.013717391304349,T1027_AlphaFold_casp3,ECMDB01097,PRO,36,CA,5.994923693093294,-6.7,15.472934782608695,-17.143652173913043,-5.850065217391303
T1027_AlphaFold_casp2,ECMDB01117,MET,43,CA,5.381231295940017,-5.6,3.8936896551724134,-3.158413793103448,2.426310344827587,T1027_AlphaFold_casp3,ECMDB01117,MET,43,CA,12.459553419469096,-5.2,5.114827586206896,-6.035068965517241,-7.934413793103448
T1027_AlphaFold_casp2,ECMDB01121,LEU,131,CA,5.513503032039615,-5.5,3.8536086956521745,-0.288608695652174,1.3961739130434783,T1027_AlphaFold_casp3,ECMDB01121,LEU,131,CA,5.558464509825922,-5.5,6.091347826086955,-0.14813043478260865,1.8177826086956521
T1027_AlphaFold_casp2,ECMDB01124,LEU,131,CA,5.744978985298596,-6.4,4.036088235294118,-1.3892352941176471,2.1179117647058825,T1027_AlphaFold_casp3,ECMDB01124,LEU,131,CA,4.946569232610657,-7.0,3.880647058823529,0.9114705882352941,1.3380588235294117
T1027_AlphaFold_casp2,ECMDB01134,ALA,47,CA,6.253391698810679,-7.4,3.017852941176471,-2.4722058823529416,2.5497058823529413,T1027_AlphaFold_casp3,ECMDB01134,ALA,47,CA,6.39993096456603,-7.4,2.6052058823529407,-2.23235294117647,2.564911764705882
T1027_AlphaFold_casp2,ECMDB01142,LEU,131,CA,6.1804534219663605,-7.6,2.878216216216216,-1.6635945945945945,1.8867837837837835,T1027_AlphaFold_casp3,ECMDB01142,LEU,131,CA,5.197848730567127,-8.8,3.6970270270270267,-0.4056216216216219,1.8981081081081081
T1027_AlphaFold_casp2,ECMDB01144,LEU,131,CA,5.345154829635694,-6.7,1.5100277777777777,0.012277777777777757,2.066638888888888,T1027_AlphaFold_casp3,ECMDB01144,LEU,131,CA,5.137112846320717,-6.9,3.4865277777777783,0.04355555555555558,1.6375555555555559
T1027_AlphaFold_casp2,ECMDB01163,MET,43,CA,6.174811868514307,-7.8,3.4810416666666657,-5.3475624999999996,0.6092083333333332,T1027_AlphaFold_casp3,ECMDB01163,MET,43,CA,5.737847833917432,-8.1,3.4301458333333326,-4.0723125,1.8501458333333334
T1027_AlphaFold_casp2,ECMDB01174,LYS,34,CA,5.148065519225871,-5.6,10.539660714285715,-16.680089285714285,-11.142196428571427,T1027_AlphaFold_casp3,ECMDB01174,LYS,34,CA,13.454092248655487,-6.3,2.2037321428571426,-5.905999999999998,1.3245535714285717
T1027_AlphaFold_casp2,ECMDB01178,MET,43,CA,6.21942555456469,-8.2,3.0541162790697673,-3.4396046511627913,1.8635813953488372,T1027_AlphaFold_casp3,ECMDB01178,MET,43,CA,6.727294748549086,-7.2,2.4206046511627917,-4.149837209302327,1.6414418604651162
T1027_AlphaFold_casp2,ECMDB01179,SER,61,CA,4.740536688182047,-8.5,1.4931000000000003,-6.134779999999998,0.13756000000000007,T1027_AlphaFold_casp3,ECMDB01179,SER,61,CA,6.198199766674193,-8.6,2.503620000000001,-4.41444,1.23864
T1027_AlphaFold_casp2,ECMDB01185,LEU,131,CA,5.681327052229476,-6.5,4.301235294117648,-0.38897058823529396,1.2825588235294119,T1027_AlphaFold_casp3,ECMDB01185,LEU,131,CA,7.928958922420119,-6.7,3.041147058823529,-4.3127352941176476,2.866176470588236
T1027_AlphaFold_casp2,ECMDB01191,LEU,131,CA,4.766607659541532,-7.4,3.9271333333333334,0.8013666666666667,1.5931666666666666,T1027_AlphaFold_casp3,ECMDB01191,LEU,131,CA,5.287532456322766,-7.2,3.5725666666666664,0.1998666666666667,1.346066666666667
T1027_AlphaFold_casp2,ECMDB01193,ARG,27,CA,5.33634445799744,-4.1,12.813320000000001,-16.497079999999997,-11.423160000000001,T1027_AlphaFold_casp3,ECMDB01193,ARG,27,CA,29.79749131652529,-7.5,3.136359999999999,2.41048,1.4642799999999996
T1027_AlphaFold_casp2,ECMDB01197,SER,61,CA,5.621036941688219,-10.3,2.044809523809524,-4.488793650793649,0.42017460317460326,T1027_AlphaFold_casp3,ECMDB01197,SER,61,CA,6.570004613703609,-10.0,2.7979682539682567,-4.127428571428571,1.2726507936507936
T1027_AlphaFold_casp2,ECMDB01201,MET,43,CA,6.039027826638082,-6.9,3.5169393939393943,-2.320939393939394,2.5021515151515157,T1027_AlphaFold_casp3,ECMDB01201,MET,43,CA,6.324213209411112,-7.3,3.9567272727272726,-1.4148787878787878,1.9528484848484848
T1027_AlphaFold_casp2,ECMDB01202,LEU,131,CA,4.495664824008778,-6.3,2.915086956521739,1.410869565217391,1.725478260869565,T1027_AlphaFold_casp3,ECMDB01202,LEU,131,CA,4.696122468598495,-6.3,2.675,1.1866956521739132,1.6568695652173908
T1027_AlphaFold_casp2,ECMDB01227,MET,43,CA,5.513840158799164,-6.7,5.796304347826087,-1.0658260869565215,1.5959999999999996,T1027_AlphaFold_casp3,ECMDB01227,MET,43,CA,5.536700630300071,-6.8,5.832826086956522,-0.9916521739130435,1.627608695652174
T1027_AlphaFold_casp2,ECMDB01245,LEU,131,CA,4.773044964074918,-6.7,2.902111111111111,1.6120370370370372,1.3582592592592593,T1027_AlphaFold_casp3,ECMDB01245,LEU,131,CA,5.07666946153416,-6.5,2.2274074074074073,1.2506296296296295,1.346666666666667
T1027_AlphaFold_casp2,ECMDB01248,SER,61,CA,5.994248000884774,-9.9,2.3370833333333323,-4.451999999999999,1.0508499999999996,T1027_AlphaFold_casp3,ECMDB01248,SER,61,CA,6.450643464759499,-10.2,2.6570499999999986,-3.929066666666666,0.9375500000000001
T1027_AlphaFold_casp2,ECMDB01261,PRO,36,CA,5.957230245589348,-6.8,14.846076923076925,-17.90301923076923,-4.8155192307692305,T1027_AlphaFold_casp3,ECMDB01261,PRO,36,CA,6.0512427395574955,-6.7,14.77617307692308,-17.926673076923073,-5.052692307692308
T1027_AlphaFold_casp2,ECMDB01262,MET,43,CA,5.033249858910465,-7.1,4.103977777777778,-3.7479777777777774,2.3270888888888894,T1027_AlphaFold_casp3,ECMDB01262,MET,43,CA,5.037886332702889,-7.1,4.1748,-3.640888888888889,2.2167333333333334
T1027_AlphaFold_casp2,ECMDB01271,LEU,131,CA,5.171012191670022,-6.3,1.3400799999999997,0.7052,1.9361999999999995,T1027_AlphaFold_casp3,ECMDB01271,LEU,131,CA,4.925507248923708,-6.5,2.4456,1.6245599999999998,1.3108400000000002
T1027_AlphaFold_casp2,ECMDB01273,MET,43,CA,5.236640734328035,-7.6,4.429324324324324,-2.513864864864865,2.3300540540540533,T1027_AlphaFold_casp3,ECMDB01273,MET,43,CA,5.382385043388834,-7.4,4.374000000000001,-2.463972972972973,2.0995675675675676
T1027_AlphaFold_casp2,ECMDB01274,LEU,60,CA,5.535632610815176,-6.8,1.2232592592592593,-2.743629629629629,1.8807777777777777,T1027_AlphaFold_casp3,ECMDB01274,LEU,60,CA,7.746965939216107,-7.1,3.4242962962962964,-2.5081481481481487,1.9410740740740735
T1027_AlphaFold_casp2,ECMDB01285,LEU,131,CA,4.81798392969657,-7.0,2.540526315789474,0.8530526315789473,1.7171578947368424,T1027_AlphaFold_casp3,ECMDB01285,LEU,131,CA,4.883961558139565,-7.3,2.7021578947368416,1.5998947368421053,1.2902105263157895
T1027_AlphaFold_casp2,ECMDB01296,LYS,34,CA,6.463373407690389,-6.7,12.264559322033898,-19.009135593220336,-7.050864406779661,T1027_AlphaFold_casp3,ECMDB01296,LYS,34,CA,6.359958766910794,-6.5,12.290542372881353,-18.886983050847455,-7.249322033898306
T1027_AlphaFold_casp2,ECMDB01308,LEU,131,CA,5.590092648245844,-5.2,5.9824166666666665,0.13945833333333335,1.5108749999999997,T1027_AlphaFold_casp3,ECMDB01308,LEU,131,CA,5.680202699123071,-5.0,6.086250000000003,0.1214999999999999,1.457625
T1027_AlphaFold_casp2,ECMDB01317,LEU,131,CA,5.800008509373069,-6.2,3.7138799999999996,-0.20412,0.9894000000000002,T1027_AlphaFold_casp3,ECMDB01317,LEU,131,CA,5.309271492172914,-6.0,4.227959999999999,-0.17171999999999998,1.57924
T1027_AlphaFold_casp2,ECMDB01328,MET,43,CA,5.391552346988525,-7.5,3.4639523809523802,-4.922357142857142,2.5239047619047614,T1027_AlphaFold_casp3,ECMDB01328,MET,43,CA,6.533915962237906,-7.7,2.4949285714285714,-4.659642857142857,1.8419523809523808
T1027_AlphaFold_casp2,ECMDB01332,LEU,35,CA,6.9182734966084904,-6.2,5.110117647058821,-6.630999999999999,-5.336205882352942,T1027_AlphaFold_casp3,ECMDB01332,LEU,35,CA,12.931177566287806,-7.1,3.8718529411764715,-2.164676470588236,2.15864705882353
T1027_AlphaFold_casp2,ECMDB01341,MET,43,CA,5.0711456541473465,-6.9,4.045967741935484,-3.356451612903226,2.8214838709677417,T1027_AlphaFold_casp3,ECMDB01341,MET,43,CA,5.243004962860775,-6.8,3.855,-3.5053225806451613,2.6280322580645166
T1027_AlphaFold_casp2,ECMDB01342,LEU,131,CA,5.287199920562869,-7.9,4.3022580645161295,0.029709677419354645,1.4695483870967743,T1027_AlphaFold_casp3,ECMDB01342,LEU,131,CA,4.988164590122079,-7.6,3.444290322580645,0.989741935483871,1.2763870967741935
T1027_AlphaFold_casp2,ECMDB01346,MET,43,CA,5.899646015202213,-8.8,3.3849333333333336,-3.227155555555555,2.1278222222222225,T1027_AlphaFold_casp3,ECMDB01346,MET,43,CA,7.086794168010885,-8.2,2.0802666666666667,-4.0842,1.5418444444444444
T1027_AlphaFold_casp2,ECMDB01354,MET,43,CA,5.57316313223258,-8.8,3.8709210526315787,-2.8807105263157893,2.212605263157895,T1027_AlphaFold_casp3,ECMDB01354,MET,43,CA,5.504343328988436,-8.8,3.961578947368421,-2.876657894736842,2.1907105263157893
T1027_AlphaFold_casp2,ECMDB01367,GLY,32,CA,4.9742967247121515,-5.6,7.561130434782608,-5.444217391304349,-10.172565217391304,T1027_AlphaFold_casp3,ECMDB01367,GLY,32,CA,4.962557794895175,-5.6,7.632695652173913,-5.4990434782608695,-10.128347826086957
T1027_AlphaFold_casp2,ECMDB01372,LEU,131,CA,4.599286479017309,-7.6,3.0693214285714285,0.6303928571428571,1.9610357142857142,T1027_AlphaFold_casp3,ECMDB01372,LEU,131,CA,7.154950266694908,-6.5,4.086000000000001,-3.1965357142857136,2.2491785714285717
T1027_AlphaFold_casp2,ECMDB01373,MET,43,CA,5.949922139550733,-7.7,3.7951923076923078,-3.85394230769231,0.7889423076923077,T1027_AlphaFold_casp3,ECMDB01373,MET,43,CA,6.310396071788224,-8.2,3.3338846153846142,-3.7965769230769237,0.8560769230769227
T1027_AlphaFold_casp2,ECMDB01384,LEU,57,CA,5.821665217839244,-7.5,2.3486976744186054,-6.209837209302326,1.8900000000000003,T1027_AlphaFold_casp3,ECMDB01384,LEU,57,CA,8.070621146921319,-7.9,4.417720930232558,-3.1659069767441856,1.4125116279069765
T1027_AlphaFold_casp2,ECMDB01391,MET,43,CA,4.732046787596252,-8.5,4.691688888888888,-3.878555555555556,1.713511111111111,T1027_AlphaFold_casp3,ECMDB01391,MET,43,CA,6.674919699336659,-8.6,2.485488888888889,-3.9051111111111116,1.7376888888888888
T1027_AlphaFold_casp2,ECMDB01396,LEU,60,CA,4.575670596566587,-8.3,0.20833333333333334,-2.427487179487179,2.195666666666667,T1027_AlphaFold_casp3,ECMDB01396,LEU,60,CA,5.978682434631805,-8.2,1.5601282051282053,-2.1223846153846155,2.5540512820512817
T1027_AlphaFold_casp2,ECMDB01397,LEU,131,CA,4.987422796973097,-7.2,3.2878275862068964,1.6634137931034483,1.052241379310345,T1027_AlphaFold_casp3,ECMDB01397,LEU,131,CA,6.489313980000852,-7.2,3.529034482758621,-2.856379310344828,3.0436896551724137
T1027_AlphaFold_casp2,ECMDB01399,MET,43,CA,6.046887545193882,-8.6,3.4026666666666676,-2.6158717948717953,2.3468974358974357,T1027_AlphaFold_casp3,ECMDB01399,MET,43,CA,6.383471586454272,-8.5,3.0367179487179494,-2.610794871794872,2.2917435897435903
T1027_AlphaFold_casp2,ECMDB01409,LEU,131,CA,4.531489165133137,-6.5,3.028954545454545,1.2492272727272726,1.727,T1027_AlphaFold_casp3,ECMDB01409,LEU,131,CA,4.549720762932727,-6.5,2.9773181818181813,1.2790454545454546,1.7050909090909092
T1027_AlphaFold_casp2,ECMDB01412,LEU,131,CA,5.309249560475394,-8.2,3.671071428571428,1.0640357142857142,0.8823214285714285,T1027_AlphaFold_casp3,ECMDB01412,LEU,131,CA,6.1490382076245504,-7.6,4.732571428571428,-2.1323214285714287,2.5461428571428573
T1027_AlphaFold_casp2,ECMDB01416,LEU,131,CA,4.655039081214372,-5.4,3.1949615384615373,0.32353846153846166,2.072307692307692,T1027_AlphaFold_casp3,ECMDB01416,LEU,131,CA,6.348190536699154,-5.5,4.613192307692308,-2.5104615384615383,2.757615384615385
T1027_AlphaFold_casp2,ECMDB01423,ARG,27,CA,5.851339581908568,-5.4,11.799836363636363,-17.609981818181815,-11.065145454545455,T1027_AlphaFold_casp3,ECMDB01423,ARG,27,CA,25.315761496123223,-7.0,2.744127272727273,-3.511145454545457,0.20161818181818178
T1027_AlphaFold_casp2,ECMDB01439,LEU,131,CA,5.3016444070259325,-6.4,5.082448275862068,-0.3470000000000001,1.8941034482758623,T1027_AlphaFold_casp3,ECMDB01439,LEU,131,CA,6.21025857279893,-6.3,4.059241379310344,-1.8966896551724137,2.0057241379310344
T1027_AlphaFold_casp2,ECMDB01440,MET,43,CA,5.698392843600729,-7.5,3.447857142857142,-3.1995714285714287,2.6962857142857146,T1027_AlphaFold_casp3,ECMDB01440,MET,43,CA,6.06938523020685,-7.4,4.222828571428572,-1.6925142857142856,1.6629142857142858
T1027_AlphaFold_casp2,ECMDB01487,MET,43,CA,5.3402518958398115,-8.8,4.144634615384616,-3.5610000000000004,1.585846153846154,T1027_AlphaFold_casp3,ECMDB01487,MET,43,CA,7.125422663810461,-8.2,2.3153269230769236,-5.878307692307694,0.8038846153846161
T1027_AlphaFold_casp2,ECMDB01517,LEU,131,CA,4.4929053702271915,-6.4,2.5160000000000005,0.6956071428571429,2.2083928571428566,T1027_AlphaFold_casp3,ECMDB01517,LEU,131,CA,4.89060829523782,-6.5,5.800249999999999,0.4115357142857144,2.151071428571429
T1027_AlphaFold_casp2,ECMDB01520,LEU,57,CA,6.088297878408085,-7.4,2.523470588235295,-4.676058823529412,1.7409117647058823,T1027_AlphaFold_casp3,ECMDB01520,LEU,57,CA,6.153151739451882,-7.3,2.5513529411764706,-4.679176470588236,1.674235294117647
T1027_AlphaFold_casp2,ECMDB01532,MET,43,CA,5.089323145285136,-7.6,3.9542121212121204,-3.6586060606060604,2.6922424242424245,T1027_AlphaFold_casp3,ECMDB01532,MET,43,CA,8.64796746737662,-7.2,1.3526060606060606,-8.997333333333332,1.4063333333333332
T1027_AlphaFold_casp2,ECMDB01546,LEU,57,CA,5.5010093482005,-6.4,2.076206896551724,-3.5168620689655175,2.6325517241379313,T1027_AlphaFold_casp3,ECMDB01546,LEU,57,CA,9.461903577711622,-7.0,2.540241379310345,1.5341379310344825,1.4671724137931033
T1027_AlphaFold_casp2,ECMDB01550,LEU,131,CA,4.448642436224475,-5.7,3.3585925925925926,1.1702962962962962,1.7988888888888892,T1027_AlphaFold_casp3,ECMDB01550,LEU,131,CA,5.252687213248042,-5.5,4.974666666666668,0.6288888888888887,1.268148148148148
T1027_AlphaFold_casp2,ECMDB01554,LEU,131,CA,4.918022197665917,-7.6,4.700214285714284,0.368,1.7520714285714283,T1027_AlphaFold_casp3,ECMDB01554,LEU,131,CA,4.830046226328418,-7.2,3.638464285714285,0.5787500000000001,1.6486428571428569
T1027_AlphaFold_casp2,ECMDB01562,MET,43,CA,5.046499285024224,-9.7,4.18915,-3.484675,2.2970750000000004,T1027_AlphaFold_casp3,ECMDB01562,MET,43,CA,6.121883619953094,-9.6,3.269375,-2.541925,2.644399999999999
T1027_AlphaFold_casp2,ECMDB01846,LEU,57,CA,6.311542638529429,-8.3,2.423871794871795,-3.154846153846154,1.9242307692307692,T1027_AlphaFold_casp3,ECMDB01846,LEU,57,CA,6.683360436280242,-8.4,3.131666666666666,-2.864923076923077,2.35825641025641
T1027_AlphaFold_casp2,ECMDB02158,PRO,31,CA,5.356934156212306,-6.8,8.934211538461541,-4.674057692307694,-13.081923076923081,T1027_AlphaFold_casp3,ECMDB02158,PRO,31,CA,10.191546261217017,-7.2,10.46171153846154,-17.812576923076918,-11.849403846153848
T1027_AlphaFold_casp2,ECMDB02666,LEU,131,CA,4.375810813953671,-6.8,3.343083333333334,0.8649166666666668,2.038125,T1027_AlphaFold_casp3,ECMDB02666,LEU,131,CA,4.393136843181267,-6.8,3.4007083333333337,0.8735416666666667,2.0058333333333334
T1027_AlphaFold_casp2,ECMDB03266,SER,61,CA,5.77403499864696,-8.1,2.43334,-5.874839999999999,0.90138,T1027_AlphaFold_casp3,ECMDB03266,SER,61,CA,6.309354600781288,-7.8,2.5397200000000004,-5.32996,2.24728
T1027_AlphaFold_casp2,ECMDB03335,LEU,131,CA,4.775608673829501,-7.4,2.7817333333333334,1.0096666666666667,1.6182999999999998,T1027_AlphaFold_casp3,ECMDB03335,LEU,131,CA,8.521175673318535,-7.2,0.7898000000000001,-4.045433333333333,2.142833333333333
T1027_AlphaFold_casp2,ECMDB03419,SER,61,CA,4.686174591053095,-7.0,1.4348214285714287,-6.060267857142855,0.13487500000000008,T1027_AlphaFold_casp3,ECMDB03419,SER,61,CA,21.71187684827989,-5.6,13.740946428571423,-16.732821428571427,-8.747410714285714
T1027_AlphaFold_casp2,ECMDB03502,SER,61,CA,5.222491626694586,-5.5,1.7430555555555551,-7.913500000000001,-0.08919444444444449,T1027_AlphaFold_casp3,ECMDB03502,SER,61,CA,21.816690741611644,-4.6,14.48113888888889,-18.59308333333333,-3.5343333333333335
T1027_AlphaFold_casp2,ECMDB03514,LEU,131,CA,5.095165644342608,-5.9,2.6180869565217395,0.9483913043478261,1.328,T1027_AlphaFold_casp3,ECMDB03514,LEU,131,CA,5.055029683039292,-5.9,2.5253478260869566,1.0569565217391304,1.351869565217391
T1027_AlphaFold_casp2,ECMDB03536,MET,43,CA,4.880478785531232,-7.2,3.9402857142857144,-4.2233214285714284,3.0882499999999995,T1027_AlphaFold_casp3,ECMDB03536,MET,43,CA,4.89257884753396,-7.2,3.9253214285714284,-4.245678571428571,3.078535714285714
T1027_AlphaFold_casp2,ECMDB03540,LEU,131,CA,4.753502886003416,-6.8,3.3398148148148143,0.6409259259259259,1.7285925925925927,T1027_AlphaFold_casp3,ECMDB03540,LEU,131,CA,4.816542869811838,-6.8,3.381259259259259,0.5843333333333333,1.683037037037037
T1027_AlphaFold_casp2,ECMDB03556,SER,61,CA,4.6563028209680635,-6.4,0.8104864864864865,-8.642513513513514,0.012027027027027154,T1027_AlphaFold_casp3,ECMDB03556,SER,61,CA,5.088606138609409,-6.8,1.2885675675675676,-8.668648648648649,-0.06564864864864887
T1027_AlphaFold_casp2,ECMDB03826,LEU,131,CA,4.8091579126217345,-7.4,5.020370370370371,1.1174444444444445,1.5502222222222224,T1027_AlphaFold_casp3,ECMDB03826,LEU,131,CA,4.887478001943205,-7.1,4.131222222222221,0.4455555555555556,1.6634814814814816
T1027_AlphaFold_casp2,ECMDB03882,LEU,60,CA,5.7173411214060605,-7.2,1.3412307692307692,-2.3501923076923075,1.662153846153846,T1027_AlphaFold_casp3,ECMDB03882,LEU,60,CA,5.708830964847978,-7.2,1.3354230769230768,-2.357,1.6858076923076923
T1027_AlphaFold_casp2,ECMDB04007,LEU,131,CA,4.972181735121511,-6.5,3.6355483870967746,1.354967741935484,1.1357419354838711,T1027_AlphaFold_casp3,ECMDB04007,LEU,131,CA,5.601181414235009,-6.5,4.724451612903225,0.2858387096774193,0.9981935483870968
T1027_AlphaFold_casp2,ECMDB04010,GLY,32,CA,5.011497758787504,-6.2,6.337647058823529,-4.684970588235295,-12.069117647058821,T1027_AlphaFold_casp3,ECMDB04010,GLY,32,CA,4.975225309446577,-6.2,6.387235294117645,-4.707,-12.137970588235294
T1027_AlphaFold_casp2,ECMDB04033,LEU,57,CA,5.447606664952331,-8.1,1.4717272727272728,-2.788318181818182,2.594136363636363,T1027_AlphaFold_casp3,ECMDB04033,LEU,57,CA,6.8739694164075695,-8.3,3.5400909090909094,-3.4550227272727274,2.189272727272727
T1027_AlphaFold_casp2,ECMDB04034,MET,43,CA,5.613384897322378,-7.1,4.049777777777778,-2.2728888888888887,2.517592592592593,T1027_AlphaFold_casp3,ECMDB04034,MET,43,CA,6.453342650509377,-7.2,4.55025925925926,-0.8285555555555558,1.4756296296296296
T1027_AlphaFold_casp2,ECMDB04052,LEU,57,CA,6.603920304726926,-6.5,2.5304242424242425,-2.426696969696969,2.083757575757576,T1027_AlphaFold_casp3,ECMDB04052,LEU,57,CA,6.583298329927518,-6.7,2.3978484848484847,-2.2031212121212125,2.162878787878788
T1027_AlphaFold_casp2,ECMDB04053,LEU,131,CA,5.16621228930306,-8.6,4.36402564102564,0.2668717948717948,1.466205128205128,T1027_AlphaFold_casp3,ECMDB04053,LEU,131,CA,4.6743665697506405,-8.5,3.4599487179487176,0.7952564102564101,1.7201282051282054
T1027_AlphaFold_casp2,ECMDB04063,MET,43,CA,5.34367486177072,-7.1,3.9211874999999994,-3.18759375,2.4351249999999998,T1027_AlphaFold_casp3,ECMDB04063,MET,43,CA,7.480692248684694,-7.4,3.780375,-0.005000000000000088,1.5499374999999995
T1027_AlphaFold_casp2,ECMDB04085,LEU,131,CA,5.863799468148849,-6.7,3.185076923076923,-0.9423461538461537,1.5340000000000003,T1027_AlphaFold_casp3,ECMDB04085,LEU,131,CA,6.956021081232027,-6.8,3.458269230769231,-3.303115384615384,2.9046538461538463
T1027_AlphaFold_casp2,ECMDB04108,SER,61,CA,4.941030250435718,-6.0,1.6124545454545458,-7.2287575757575775,0.24660606060606066,T1027_AlphaFold_casp3,ECMDB04108,SER,61,CA,4.919659149839232,-5.9,1.5983333333333334,-7.1988787878787885,0.21054545454545462
T1027_AlphaFold_casp2,ECMDB04111,MET,43,CA,6.426588852160276,-8.6,2.829927272727273,-3.891309090909091,1.5573454545454553,T1027_AlphaFold_casp3,ECMDB04111,MET,43,CA,8.139624388677914,-9.1,1.3529272727272728,-4.993399999999999,0.3774727272727272
T1027_AlphaFold_casp2,ECMDB04117,SER,61,CA,5.200806854845337,-7.6,1.8167083333333334,-5.592041666666667,0.8898541666666663,T1027_AlphaFold_casp3,ECMDB04117,SER,61,CA,4.89873152351673,-6.3,-3.2113541666666667,-9.947562500000002,-3.3943125000000003
T1027_AlphaFold_casp2,ECMDB04119,LYS,34,CA,6.810879031931195,-5.2,15.0376,-16.738740000000004,-8.026799999999998,T1027_AlphaFold_casp3,ECMDB04119,LYS,34,CA,12.958749639776208,-8.2,2.405519999999999,-6.03098,0.8283400000000001
T1027_AlphaFold_casp2,ECMDB04120,LYS,34,CA,6.040375702736403,-5.6,13.497791666666664,-17.55420833333333,-7.448458333333332,T1027_AlphaFold_casp3,ECMDB04120,LYS,34,CA,14.223615485157705,-8.3,3.023854166666668,-4.1654375,1.4960833333333328
T1027_AlphaFold_casp2,ECMDB04137,MET,43,CA,6.0040584763960565,-7.8,3.1381219512195124,-4.332878048780488,1.7406341463414639,T1027_AlphaFold_casp3,ECMDB04137,MET,43,CA,6.922816818546688,-7.4,2.803439024390244,-4.2010243902439015,0.3935609756097559
T1027_AlphaFold_casp2,ECMDB04138,SER,61,CA,4.359674129886315,-8.1,0.9419399999999999,-7.18616,0.8326399999999999,T1027_AlphaFold_casp3,ECMDB04138,SER,61,CA,16.48945024855589,-7.1,5.81274,-8.631280000000002,-13.668439999999997
T1027_AlphaFold_casp2,ECMDB04165,LEU,57,CA,5.40958103043334,-7.4,1.9743720930232558,-3.8427674418604667,2.475186046511627,T1027_AlphaFold_casp3,ECMDB04165,LEU,57,CA,5.575094638111969,-7.5,2.269255813953488,-3.7253023255813953,2.6192093023255807
T1027_AlphaFold_casp2,ECMDB04166,LEU,57,CA,6.268599382646731,-8.3,2.409488372093023,-2.778604651162791,2.240813953488372,T1027_AlphaFold_casp3,ECMDB04166,LEU,57,CA,7.375624550247903,-8.4,4.0865348837209305,-3.331697674418606,2.134581395348837
T1027_AlphaFold_casp2,ECMDB04167,GLY,32,CA,5.038167416194108,-6.2,7.109040000000002,-4.631559999999999,-13.495279999999998,T1027_AlphaFold_casp3,ECMDB04167,GLY,32,CA,15.448227122540631,-7.6,1.9067400000000005,-3.920280000000001,0.6809399999999998
T1027_AlphaFold_casp2,ECMDB04168,LYS,34,CA,5.757821869464594,-6.1,12.171535714285715,-17.896982142857148,-9.316982142857144,T1027_AlphaFold_casp3,ECMDB04168,LYS,34,CA,10.822337708804799,-5.8,7.8998214285714266,-4.963892857142857,-14.173892857142851
T1027_AlphaFold_casp2,ECMDB04169,GLY,32,CA,4.761592637480921,-5.8,7.762312499999999,-5.096187499999999,-11.58625,T1027_AlphaFold_casp3,ECMDB04169,GLY,32,CA,16.43010289512915,-6.7,3.7817500000000006,-4.203437499999998,2.4086250000000002
T1027_AlphaFold_casp2,ECMDB04171,LEU,57,CA,6.085632427951439,-8.3,2.4412790697674414,-2.7299069767441853,2.6517209302325577,T1027_AlphaFold_casp3,ECMDB04171,LEU,57,CA,5.601414945297275,-8.0,1.777139534883721,-3.0497441860465124,2.4490465116279068
T1027_AlphaFold_casp2,ECMDB04220,MET,43,CA,6.270475725111682,-7.8,2.9891136363636366,-5.510090909090909,1.3101590909090908,T1027_AlphaFold_casp3,ECMDB04220,MET,43,CA,7.733012696361411,-7.8,2.7283636363636363,-0.6092500000000003,1.924409090909091
T1027_AlphaFold_casp2,ECMDB04662,LEU,131,CA,4.16921949120172,-5.5,3.1504642857142864,1.3941428571428571,2.0415357142857142,T1027_AlphaFold_casp3,ECMDB04662,LEU,131,CA,4.444248110519612,-5.8,3.659714285714286,2.0031785714285713,1.4963928571428575
T1027_AlphaFold_casp2,ECMDB06273,LEU,131,CA,4.992890734443793,-6.3,5.318423076923077,0.45149999999999973,1.7817307692307696,T1027_AlphaFold_casp3,ECMDB06273,LEU,131,CA,5.028984872185893,-6.2,5.2689615384615385,0.4162692307692308,1.7420384615384612
T1027_AlphaFold_casp2,ECMDB06354,LEU,57,CA,6.188307601032774,-8.3,2.8174,-4.5249500000000005,1.95705,T1027_AlphaFold_casp3,ECMDB06354,LEU,57,CA,6.024295617435286,-8.2,2.672525,-4.4746,2.0580249999999998
T1027_AlphaFold_casp2,ECMDB06555,LEU,131,CA,4.738092983080793,-6.7,3.182375,1.6852083333333334,1.3218750000000001,T1027_AlphaFold_casp3,ECMDB06555,LEU,131,CA,5.602020290800603,-6.4,3.963791666666667,-0.7074583333333336,1.6227083333333334
T1027_AlphaFold_casp2,ECMDB06557,MET,43,CA,5.825332240011872,-7.6,3.644804347826087,-3.4198913043478267,1.5450652173913044,T1027_AlphaFold_casp3,ECMDB06557,MET,43,CA,6.265926692379364,-7.6,2.706934782608696,-5.398782608695654,2.0139565217391304
T1027_AlphaFold_casp2,ECMDB06823,LEU,131,CA,4.8161907715191274,-6.1,2.7369743589743587,0.7843076923076924,1.6971282051282053,T1027_AlphaFold_casp3,ECMDB06823,LEU,131,CA,4.892245084330353,-6.4,2.6933846153846153,0.8844615384615386,1.5692564102564102
T1027_AlphaFold_casp2,ECMDB06834,LEU,131,CA,4.558614506020119,-5.7,3.4457692307692307,1.6464615384615382,1.4895769230769231,T1027_AlphaFold_casp3,ECMDB06834,LEU,131,CA,12.444202230332337,-5.1,2.830230769230769,-8.472269230769232,1.1091538461538462
T1027_AlphaFold_casp2,ECMDB06872,LEU,131,CA,4.678685745616839,-5.6,3.8846086956521746,0.8645652173913044,1.659086956521739,T1027_AlphaFold_casp3,ECMDB06872,LEU,131,CA,5.5132297227147475,-5.3,3.7699130434782604,-0.04217391304347825,1.2247391304347826
T1027_AlphaFold_casp2,ECMDB06876,LEU,57,CA,5.955249831735863,-8.0,2.7813571428571424,-4.6452380952380965,2.2565714285714282,T1027_AlphaFold_casp3,ECMDB06876,LEU,57,CA,5.688231185064408,-8.0,2.3201190476190474,-4.596047619047619,2.1387857142857136
T1027_AlphaFold_casp2,ECMDB07858,CYS,59,CA,7.297715480213734,-2.7,-10.984630434782607,-11.573804347826083,3.245108695652173,T1027_AlphaFold_casp3,ECMDB07858,CYS,59,CA,12.934319938692756,-2.5,-5.375065217391304,-14.71891304347826,-5.213217391304347
T1027_AlphaFold_casp2,ECMDB07859,LYS,34,CA,6.969468349600774,-3.0,15.683152173913042,-15.279304347826088,-8.951217391304347,T1027_AlphaFold_casp3,ECMDB07859,LYS,34,CA,12.059557643766498,-2.6,-0.06630434782608655,-13.942173913043476,-15.215695652173908
T1027_AlphaFold_casp2,ECMDB07860,SER,61,CA,5.09605473726104,-5.9,1.8293478260869567,-6.141304347826084,0.4246739130434784,T1027_AlphaFold_casp3,ECMDB07860,SER,61,CA,21.063848953824355,-2.6,-14.231043478260865,11.513673913043478,1.9094999999999998
T1027_AlphaFold_casp2,ECMDB07861,SER,61,CA,2.944782422311867,-5.5,-0.4023125,-6.216749999999998,-0.859854166666667,T1027_AlphaFold_casp3,ECMDB07861,SER,61,CA,22.090112390578405,-3.4,16.072270833333338,-11.431979166666666,-9.52052083333333
T1027_AlphaFold_casp2,ECMDB07862,ASP,118,CA,5.9364519662041095,-3.5,-13.564375000000004,8.9335625,3.624729166666667,T1027_AlphaFold_casp3,ECMDB07862,ASP,118,CA,6.210525935525377,-2.9,-14.610666666666669,8.442416666666666,5.033666666666668
T1027_AlphaFold_casp2,ECMDB07863,SER,61,CA,4.453320306438345,-4.8,0.75775,-8.159875,0.6780833333333335,T1027_AlphaFold_casp3,ECMDB07863,SER,61,CA,7.019504527255446,-5.7,3.752124999999999,-6.101645833333333,-0.6700208333333334
T1027_AlphaFold_casp2,ECMDB07864,ASP,83,CA,7.318949345746811,-3.0,7.834895833333333,-22.01185416666667,-12.507812500000002,T1027_AlphaFold_casp3,ECMDB07864,ASP,83,CA,7.206462525836423,-2.7,8.071020833333334,-21.808729166666666,-12.288249999999998
T1027_AlphaFold_casp2,ECMDB07865,LEU,37,CA,7.362084261925249,-2.7,16.690437499999998,-19.549312499999996,-0.6176249999999998,T1027_AlphaFold_casp3,ECMDB07865,LEU,37,CA,17.987098303524178,-2.6,-2.3884374999999998,-19.35025,-7.0717083333333335
T1027_AlphaFold_casp2,ECMDB08821,LEU,131,CA,5.485084367571404,-6.7,2.9000652173913037,-1.0725869565217394,2.2754130434782613,T1027_AlphaFold_casp3,ECMDB08821,LEU,131,CA,17.883884558392808,-3.5,-13.000956521739136,8.472434782608694,3.4984782608695655
T1027_AlphaFold_casp2,ECMDB08824,LYS,33,CA,5.532926880230674,-3.6,10.141166666666667,-16.362229166666662,-12.859395833333336,T1027_AlphaFold_casp3,ECMDB08824,LYS,33,CA,11.37778762755496,-2.2,7.859229166666669,-21.865187499999987,-14.50554166666666
T1027_AlphaFold_casp2,ECMDB08827,LYS,34,CA,5.432902372065967,-3.6,12.641200000000001,-16.8028,-9.802379999999998,T1027_AlphaFold_casp3,ECMDB08827,LYS,34,CA,29.53766850786974,-2.4,-16.601339999999997,-1.3189400000000004,-15.479959999999998
T1027_AlphaFold_casp2,ECMDB08920,GLY,166,CA,5.90716491554195,-1.6,-5.754874999999998,1.712604166666667,18.665020833333333,T1027_AlphaFold_casp3,ECMDB08920,GLY,166,CA,39.08341986125595,-3.3,15.4879375,-15.224604166666671,-6.507624999999998
T1027_AlphaFold_casp2,ECMDB08923,LYS,84,CA,4.360924833197656,-2.5,-1.2230199999999998,-21.861000000000004,-4.2089799999999995,T1027_AlphaFold_casp3,ECMDB08923,LYS,84,CA,7.301000577592085,-2.6,9.029759999999998,-19.6379,-9.24492
T1027_AlphaFold_casp2,ECMDB08924,PRO,36,CA,6.934069924683481,-2.7,16.285179999999997,-16.932119999999998,-7.1214400000000015,T1027_AlphaFold_casp3,ECMDB08924,PRO,36,CA,11.120682925036572,-5.7,4.828060000000001,-5.441340000000001,-1.5188
T1027_AlphaFold_casp2,ECMDB08953,LEU,30,CA,5.4562703123031,-3.2,3.8659999999999983,-12.814229166666665,-17.86204166666667,T1027_AlphaFold_casp3,ECMDB08953,LEU,30,CA,8.505044618984673,-3.2,6.614124999999998,-4.482729166666666,-16.002083333333335
T1027_AlphaFold_casp2,ECMDB08956,ALA,165,CA,5.8884229245189195,-1.8,-14.867099999999995,3.8366400000000005,11.878719999999998,T1027_AlphaFold_casp3,ECMDB08956,ALA,165,CA,15.97601668347902,-6.3,2.1255200000000007,-0.8046,2.15302
T1027_AlphaFold_casp2,ECMDB08957,GLY,130,CA,3.415186299222931,-2.9,5.679940000000001,6.80328,11.548420000000004,T1027_AlphaFold_casp3,ECMDB08957,GLY,130,CA,25.001178948185625,-3.6,-14.231580000000001,-6.28218,-3.5864800000000003
T1027_AlphaFold_casp2,ECMDB08959,ASP,83,CA,5.8462967551485425,-3.1,8.495596153846153,-19.04459615384616,-11.176000000000004,T1027_AlphaFold_casp3,ECMDB08959,ASP,83,CA,24.263098698009777,-2.6,17.767711538461533,-4.857769230769231,7.032153846153846
T1027_AlphaFold_casp2,ECMDB09019,PRO,31,CA,5.8025480095902715,-3.4,6.1848399999999994,-4.003879999999999,-14.108059999999998,T1027_AlphaFold_casp3,ECMDB09019,PRO,31,CA,13.299919091167435,-2.0,6.58966,-21.85318,-13.89794
T1027_AlphaFold_casp2,ECMDB09022,LYS,68,CA,5.323191425374768,-2.1,-7.944884615384614,9.403961538461541,-16.426884615384616,T1027_AlphaFold_casp3,ECMDB09022,LYS,68,CA,20.614593484488005,-2.6,14.088288461538461,0.9692500000000002,-12.005519230769229
T1027_AlphaFold_casp2,ECMDB09023,GLY,90,CA,4.215991288022366,-3.4,-3.043750000000002,-17.025192307692308,-8.276865384615384,T1027_AlphaFold_casp3,ECMDB09023,GLY,90,CA,9.611983586612325,-2.8,4.909673076923077,-19.17853846153846,-11.987269230769233
T1027_AlphaFold_casp2,ECMDB10573,GLY,28,CA,6.058683078829703,-2.5,9.797999999999998,-18.272509433962263,-13.222113207547173,T1027_AlphaFold_casp3,ECMDB10573,GLY,28,CA,23.48702615345182,-3.9,-2.047962264150943,-12.398000000000005,-1.1910566037735848
T1027_AlphaFold_casp2,ECMDB10615,ARG,48,CA,5.379279313936418,-2.1,7.893886792452828,-7.667339622641511,15.147811320754718,T1027_AlphaFold_casp3,ECMDB10615,ARG,48,CA,28.201984231197592,-2.9,8.655415094339626,-4.727245283018868,-15.939283018867924
T1027_AlphaFold_casp2,ECMDB10616,ASP,24,CA,4.837930947336122,-3.2,11.715735849056607,-21.888584905660377,-10.26579245283019,T1027_AlphaFold_casp3,ECMDB10616,ASP,24,CA,31.52669126639894,-1.6,-11.382339622641508,-17.048113207547168,6.450056603773584
T1027_AlphaFold_casp2,ECMDB10618,ARG,27,CA,5.901659253951557,-3.1,11.3878,-17.36938181818182,-11.478381818181818,T1027_AlphaFold_casp3,ECMDB10618,ARG,27,CA,26.391810619286762,-3.5,5.263345454545456,-12.081999999999995,7.992563636363635
T1027_AlphaFold_casp2,ECMDB11145,MET,43,CA,6.754490426887403,-5.9,3.0141111111111107,-3.2324666666666677,0.781911111111111,T1027_AlphaFold_casp3,ECMDB11145,MET,43,CA,12.007791907068373,-4.7,5.622866666666667,-4.164488888888889,-7.599933333333331
T1027_AlphaFold_casp2,ECMDB11155,ASP,8,CA,6.408713516093383,-2.1,-3.462422222222222,-18.795533333333342,16.839044444444447,T1027_AlphaFold_casp3,ECMDB11155,ASP,8,CA,23.751814024747098,-3.2,-14.166422222222224,-5.158266666666666,0.41371111111111103
T1027_AlphaFold_casp2,ECMDB11156,PRO,36,CA,6.075644490823973,-4.3,13.318545454545458,-18.001666666666665,-5.388545454545455,T1027_AlphaFold_casp3,ECMDB11156,PRO,36,CA,15.55790342080962,-6.9,3.022484848484848,-1.8493333333333335,2.0163333333333333
T1027_AlphaFold_casp2,ECMDB11616,LEU,131,CA,4.819828860198254,-7.2,3.8561199999999998,1.1074399999999998,1.3894400000000002,T1027_AlphaFold_casp3,ECMDB11616,LEU,131,CA,4.847575885409119,-7.2,3.8577599999999994,1.0520399999999996,1.38316
T1027_AlphaFold_casp2,ECMDB11629,LEU,131,CA,4.531239439569551,-8.3,3.755222222222222,1.8434074074074072,1.4427037037037034,T1027_AlphaFold_casp3,ECMDB11629,LEU,131,CA,5.324593594491702,-8.0,5.2254814814814825,-0.3088148148148149,1.8777037037037034
T1027_AlphaFold_casp2,ECMDB11688,LEU,131,CA,5.186439134415828,-5.4,4.060550000000001,0.2433,1.43295,T1027_AlphaFold_casp3,ECMDB11688,LEU,131,CA,5.498654274911272,-5.2,5.64805,-0.40990000000000004,1.8933499999999999
T1027_AlphaFold_casp2,ECMDB12277,SER,61,CA,4.754098948593364,-6.9,1.294113636363636,-7.632318181818182,0.55775,T1027_AlphaFold_casp3,ECMDB12277,SER,61,CA,4.701104293186146,-6.9,1.1002954545454542,-7.987431818181818,-0.8367272727272728
T1027_AlphaFold_casp2,ECMDB12278,LEU,131,CA,6.215350181827886,-7.1,3.1196590909090913,-1.8875909090909089,2.0539090909090905,T1027_AlphaFold_casp3,ECMDB12278,LEU,131,CA,5.6899446324140985,-7.4,2.868272727272728,-1.3155909090909086,2.2487954545454545
T1027_AlphaFold_casp2,ECMDB12330,ASP,118,CA,5.237596193870415,-3.3,-14.79440816326531,6.820326530612245,3.3173265306122444,T1027_AlphaFold_casp3,ECMDB12330,ASP,118,CA,18.330849205612843,-3.4,-5.395612244897962,-11.277530612244897,-4.924061224489796
T1027_AlphaFold_casp2,ECMDB12332,SER,61,CA,6.082548505882457,-5.0,1.3847450980392153,-7.482313725490196,-3.861745098039216,T1027_AlphaFold_casp3,ECMDB12332,SER,61,CA,24.024005237553105,-2.3,8.35192156862745,-19.619960784313722,-16.403137254901964
T1027_AlphaFold_casp2,ECMDB12333,ARG,27,CA,5.816546764742457,-3.2,10.879156862745102,-18.941196078431364,-11.968450980392157,T1027_AlphaFold_casp3,ECMDB12333,ARG,27,CA,35.275100504035144,-3.0,11.062019607843137,6.76213725490196,8.544372549019608
T1027_AlphaFold_casp2,ECMDB12352,ARG,54,CA,3.92765155724056,-3.5,1.510098039215686,-8.717549019607844,12.149588235294118,T1027_AlphaFold_casp3,ECMDB12352,ARG,54,CA,18.869531122443224,-3.0,-0.3805098039215682,-21.55903921568627,-3.1640980392156863
T1027_AlphaFold_casp2,ECMDB12363,GLU,93,CA,2.5586193046741936,-3.7,-8.420568627450983,-8.459254901960785,-12.724509803921569,T1027_AlphaFold_casp3,ECMDB12363,GLU,93,CA,31.339410873065546,-2.9,17.737960784313724,3.175313725490196,3.1790784313725493
T1027_AlphaFold_casp2,ECMDB12366,GLU,81,CA,8.52607493517883,-1.7,3.3036792452830195,-21.176566037735842,-15.785566037735848,T1027_AlphaFold_casp3,ECMDB12366,GLU,81,CA,29.132327587089733,-3.0,-15.443867924528302,6.1092075471698095,1.8225283018867922
T1027_AlphaFold_casp2,ECMDB20003,LEU,131,CA,5.416910058932079,-8.1,2.596432432432432,-0.7334594594594595,2.1068378378378374,T1027_AlphaFold_casp3,ECMDB20003,LEU,131,CA,5.16978799244018,-8.1,3.061027027027028,0.016594594594594735,1.6767297297297297
T1027_AlphaFold_casp2,ECMDB20004,LEU,57,CA,6.054819802078874,-7.9,2.1864054054054054,-2.540216216216216,2.5550540540540543,T1027_AlphaFold_casp3,ECMDB20004,LEU,57,CA,8.42154446808325,-8.3,3.695270270270271,-0.6514594594594594,1.9124324324324327
T1027_AlphaFold_casp2,ECMDB20006,LEU,131,CA,5.18275985364085,-8.5,3.9159459459459454,0.35278378378378344,1.3664054054054053,T1027_AlphaFold_casp3,ECMDB20006,LEU,131,CA,6.569056874235956,-8.1,2.6560810810810804,-2.486864864864864,2.416054054054054
T1027_AlphaFold_casp2,ECMDB20019,LEU,131,CA,4.510422780600874,-6.6,4.0006538461538454,1.7547692307692306,1.4894230769230772,T1027_AlphaFold_casp3,ECMDB20019,LEU,131,CA,5.266166730275931,-6.6,1.87426923076923,0.5747692307692307,1.5924615384615382
T1027_AlphaFold_casp2,ECMDB20024,LEU,131,CA,5.212390682606687,-8.1,2.513550000000001,-0.4977249999999998,2.2005000000000003,T1027_AlphaFold_casp3,ECMDB20024,LEU,131,CA,6.2135456277495065,-8.1,3.0011999999999994,-1.8857499999999998,2.0798749999999995
T1027_AlphaFold_casp2,ECMDB20025,LEU,131,CA,5.2831679539836705,-8.6,2.6391,-0.9671000000000001,2.5539,T1027_AlphaFold_casp3,ECMDB20025,LEU,131,CA,5.773126772274276,-8.2,2.44805,-1.4597250000000002,2.4392250000000004
T1027_AlphaFold_casp2,ECMDB20026,GLY,32,CA,4.494403359874368,-5.9,7.601775000000001,-5.2730250000000005,-11.892399999999995,T1027_AlphaFold_casp3,ECMDB20026,GLY,32,CA,17.22129692847638,-7.3,3.332325,-1.5153749999999993,1.98595
T1027_AlphaFold_casp2,ECMDB20027,SER,61,CA,4.421449816660821,-6.8,1.0757750000000004,-7.066800000000001,0.570625,T1027_AlphaFold_casp3,ECMDB20027,SER,61,CA,7.368050146281919,-7.8,2.67865,-2.829475000000001,2.5564
T1027_AlphaFold_casp2,ECMDB20033,LEU,131,CA,5.480328195210478,-6.0,5.556846153846153,0.8781153846153846,1.0608846153846154,T1027_AlphaFold_casp3,ECMDB20033,LEU,131,CA,5.632775883640805,-5.9,5.617769230769231,0.7290769230769232,0.9745
T1027_AlphaFold_casp2,ECMDB20034,LEU,131,CA,5.426584471156065,-5.8,3.289655172413793,-0.9710344827586207,2.167379310344827,T1027_AlphaFold_casp3,ECMDB20034,LEU,131,CA,4.588566146349995,-5.9,3.185793103448276,1.1001379310344825,1.7008965517241381
T1027_AlphaFold_casp2,ECMDB20035,GLY,32,CA,5.193232361886238,-4.7,10.18388679245283,-5.632867924528304,-12.423773584905666,T1027_AlphaFold_casp3,ECMDB20035,GLY,32,CA,16.243647733485517,-6.9,1.231075471698113,-3.5812264150943394,1.1931698113207545
T1027_AlphaFold_casp2,ECMDB20049,LEU,57,CA,6.133612949958829,-6.9,2.7994651162790696,-4.518883720930233,2.024093023255814,T1027_AlphaFold_casp3,ECMDB20049,LEU,57,CA,6.316762555304526,-7.1,3.005162790697675,-3.7066511627906977,2.306093023255814
T1027_AlphaFold_casp2,ECMDB20050,LEU,131,CA,4.676963338104355,-6.5,3.7414166666666664,1.039375,1.577708333333333,T1027_AlphaFold_casp3,ECMDB20050,LEU,131,CA,5.337769886001342,-6.3,4.1495000000000015,-0.06025000000000005,1.4574583333333333
T1027_AlphaFold_casp2,ECMDB20054,GLY,32,CA,4.7343949933823835,-4.8,7.690207547169812,-5.315000000000001,-10.990283018867924,T1027_AlphaFold_casp3,ECMDB20054,GLY,32,CA,13.390949177843536,-3.8,14.221962264150944,-17.797150943396225,-5.156377358490565
T1027_AlphaFold_casp2,ECMDB20055,LEU,131,CA,5.005216951957145,-7.2,2.2618529411764703,0.5113235294117646,1.7858529411764703,T1027_AlphaFold_casp3,ECMDB20055,LEU,131,CA,6.5628937954017825,-6.9,2.651264705882352,-2.293882352941177,2.135941176470588
T1027_AlphaFold_casp2,ECMDB20058,LEU,131,CA,4.871774452531352,-6.4,4.452483870967742,0.9735161290322581,1.4309032258064514,T1027_AlphaFold_casp3,ECMDB20058,LEU,131,CA,4.796027715307091,-6.3,4.363870967741936,1.1334193548387097,1.432516129032258
T1027_AlphaFold_casp2,ECMDB20059,LEU,131,CA,5.1279010793839825,-7.1,3.1479999999999992,-0.08146153846153845,1.7858974358974353,T1027_AlphaFold_casp3,ECMDB20059,LEU,131,CA,6.218099274042997,-7.1,4.298871794871796,-1.7161282051282052,1.7914358974358975
T1027_AlphaFold_casp2,ECMDB20062,LEU,131,CA,4.794028527956369,-6.8,2.064136363636363,0.9475909090909088,1.8814999999999997,T1027_AlphaFold_casp3,ECMDB20062,LEU,131,CA,4.7330425693004194,-6.8,2.0483181818181824,1.0280454545454545,1.9216363636363638
T1027_AlphaFold_casp2,ECMDB20068,LEU,131,CA,5.053925399229022,-4.8,4.361875,0.7239166666666667,1.3370416666666667,T1027_AlphaFold_casp3,ECMDB20068,LEU,131,CA,5.46110619009047,-5.2,4.486083333333334,1.0405,0.76275
T1027_AlphaFold_casp2,ECMDB20078,LEU,131,CA,4.84438390335801,-7.5,3.021058823529412,0.8926176470588234,1.542441176470588,T1027_AlphaFold_casp3,ECMDB20078,LEU,131,CA,4.7456593655691135,-7.6,2.9630000000000014,0.9598529411764706,1.6332941176470592
T1027_AlphaFold_casp2,ECMDB20079,LEU,131,CA,4.96520636848057,-6.4,1.9045599999999996,1.1550800000000006,1.6500399999999997,T1027_AlphaFold_casp3,ECMDB20079,LEU,131,CA,4.787004881384602,-6.3,2.1322400000000004,0.8933200000000002,1.88812
T1027_AlphaFold_casp2,ECMDB20081,LEU,131,CA,4.658799862782081,-6.1,3.8435833333333327,1.3083333333333333,1.481458333333333,T1027_AlphaFold_casp3,ECMDB20081,LEU,131,CA,4.980965361657094,-6.2,4.462,1.1452916666666664,1.2381249999999997
T1027_AlphaFold_casp2,ECMDB20083,MET,43,CA,5.6926556546022535,-7.7,3.752474999999999,-3.0254749999999997,1.990975,T1027_AlphaFold_casp3,ECMDB20083,MET,43,CA,6.1770113220816585,-7.8,3.1092249999999995,-3.188250000000001,2.069399999999999
T1027_AlphaFold_casp2,ECMDB20088,LEU,131,CA,5.974713060369511,-6.9,2.6699500000000005,-1.5115250000000002,2.0902750000000005,T1027_AlphaFold_casp3,ECMDB20088,LEU,131,CA,6.384332341511914,-6.8,2.803875,-2.199225,2.270175
T1027_AlphaFold_casp2,ECMDB20096,LEU,57,CA,6.344451016179047,-10.3,2.3631914893617023,-3.2219999999999995,1.7679787234042557,T1027_AlphaFold_casp3,ECMDB20096,LEU,57,CA,6.589903789008831,-10.3,2.688191489361703,-2.9937872340425526,1.8681914893617022
T1027_AlphaFold_casp2,ECMDB20099,LEU,131,CA,4.54548837591249,-6.9,3.8973333333333344,1.4152333333333336,1.5620999999999996,T1027_AlphaFold_casp3,ECMDB20099,LEU,131,CA,4.454766243773815,-7.0,3.5586333333333333,1.6773666666666667,1.5795333333333335
T1027_AlphaFold_casp2,ECMDB20106,LEU,131,CA,5.649520654536372,-6.0,1.834045454545454,-0.12540909090909097,1.5760454545454545,T1027_AlphaFold_casp3,ECMDB20106,LEU,131,CA,5.820114434882185,-6.1,1.2203636363636365,0.06368181818181808,1.548727272727273
T1027_AlphaFold_casp2,ECMDB20110,LEU,57,CA,5.14469559414849,-10.2,1.5647446808510637,-5.074085106382978,2.0613617021276593,T1027_AlphaFold_casp3,ECMDB20110,LEU,57,CA,5.322839749522299,-10.1,1.777744680851064,-5.009574468085106,2.023553191489362
T1027_AlphaFold_casp2,ECMDB20112,MET,43,CA,5.491355076823791,-8.0,4.191000000000001,-3.353816326530612,1.3174897959183673,T1027_AlphaFold_casp3,ECMDB20112,MET,43,CA,7.560400694885291,-7.7,2.634469387755102,-4.6900204081632655,-0.5774489795918369
T1027_AlphaFold_casp2,ECMDB20113,MET,43,CA,6.101892341412547,-8.0,3.8148571428571416,-3.418591836734695,0.6787142857142855,T1027_AlphaFold_casp3,ECMDB20113,MET,43,CA,5.720913368482282,-7.8,3.9625510204081644,-2.4233265306122447,2.139632653061224
T1027_AlphaFold_casp2,ECMDB20117,LEU,131,CA,4.571967964068851,-7.4,2.7903333333333338,0.8795185185185183,1.9165925925925928,T1027_AlphaFold_casp3,ECMDB20117,LEU,131,CA,4.550916495374729,-7.4,2.79,0.9832222222222221,1.8865185185185185
T1027_AlphaFold_casp2,ECMDB20123,LEU,131,CA,5.6037737271304175,-5.2,4.481869565217392,-0.5997391304347826,1.5711739130434783,T1027_AlphaFold_casp3,ECMDB20123,LEU,131,CA,5.347761337713359,-5.2,5.3315652173913035,-0.4520434782608696,2.009217391304348
T1027_AlphaFold_casp2,ECMDB20133,LEU,57,CA,5.454847609481432,-7.7,2.113659090909091,-3.594954545454546,2.7082272727272723,T1027_AlphaFold_casp3,ECMDB20133,LEU,57,CA,5.624848042162327,-7.6,2.3304318181818178,-3.443159090909089,2.791113636363636
T1027_AlphaFold_casp2,ECMDB20139,LEU,131,CA,5.750195880850335,-6.6,3.808422222222222,-1.3075777777777782,2.012022222222222,T1027_AlphaFold_casp3,ECMDB20139,LEU,131,CA,13.750635095851367,-5.9,0.8830444444444443,-8.913711111111112,-0.3656222222222225
T1027_AlphaFold_casp2,ECMDB20145,LEU,131,CA,5.313231533869008,-4.7,5.4673,0.14954999999999996,1.6338000000000001,T1027_AlphaFold_casp3,ECMDB20145,LEU,131,CA,18.90365934501836,-4.6,8.804000000000002,-5.500099999999999,-10.324349999999999
T1027_AlphaFold_casp2,ECMDB20148,MET,43,CA,6.196739120043299,-7.0,4.202825000000001,-1.6578749999999995,1.427725,T1027_AlphaFold_casp3,ECMDB20148,MET,43,CA,5.848149001286647,-6.8,3.0542749999999996,-4.077399999999999,2.654325
T1027_AlphaFold_casp2,ECMDB20154,LEU,131,CA,4.350733700009123,-6.1,3.2695185185185185,0.641148148148148,2.2147407407407407,T1027_AlphaFold_casp3,ECMDB20154,LEU,131,CA,5.553304576571017,-5.8,2.9606296296296297,0.010814814814815022,1.229740740740741
T1027_AlphaFold_casp2,ECMDB20155,LEU,57,CA,6.029873835030801,-5.9,2.0567804878048785,-2.1846829268292676,2.8010243902439025,T1027_AlphaFold_casp3,ECMDB20155,LEU,57,CA,9.835964216023436,-6.2,3.8847073170731714,1.2384390243902441,1.7359999999999998
T1027_AlphaFold_casp2,ECMDB20156,LEU,131,CA,6.007088547040362,-8.2,3.0572727272727267,-1.6565909090909094,2.112545454545454,T1027_AlphaFold_casp3,ECMDB20156,LEU,131,CA,6.0331632643393265,-7.8,3.064931818181819,-1.3610454545454547,1.729386363636364
T1027_AlphaFold_casp2,ECMDB20157,LEU,131,CA,5.862046067805179,-6.6,4.77596551724138,-1.1565172413793103,1.7889310344827587,T1027_AlphaFold_casp3,ECMDB20157,LEU,131,CA,5.9287134852153285,-6.7,4.845724137931034,-1.2110689655172415,1.7644827586206895
T1027_AlphaFold_casp2,ECMDB20158,LEU,131,CA,6.262548854400259,-7.8,2.8335500000000002,-1.8524749999999996,1.9982750000000002,T1027_AlphaFold_casp3,ECMDB20158,LEU,131,CA,6.2609107712556495,-7.9,2.8586,-1.8502750000000003,1.9914999999999992
T1027_AlphaFold_casp2,ECMDB20161,GLY,32,CA,5.234318005398079,-4.8,6.257363636363635,-4.41830303030303,-12.92,T1027_AlphaFold_casp3,ECMDB20161,GLY,32,CA,7.207410087342457,-4.9,9.111030303030303,-16.424363636363637,-13.54339393939394
T1027_AlphaFold_casp2,ECMDB20170,MET,43,CA,6.09519972636612,-7.4,3.465368421052632,-2.3946578947368415,2.323631578947369,T1027_AlphaFold_casp3,ECMDB20170,MET,43,CA,7.262471684593964,-7.2,1.7961578947368422,-4.486684210526316,1.6699473684210526
T1027_AlphaFold_casp2,ECMDB20171,MET,43,CA,5.836399937544449,-6.1,3.9765588235294125,-2.136911764705882,2.1866176470588234,T1027_AlphaFold_casp3,ECMDB20171,MET,43,CA,6.183525914500085,-6.4,3.7612058823529413,-1.8322058823529408,2.133941176470588
T1027_AlphaFold_casp2,ECMDB20174,LEU,131,CA,4.745642884961071,-7.1,4.244392857142857,0.887607142857143,1.589392857142857,T1027_AlphaFold_casp3,ECMDB20174,LEU,131,CA,5.2528708488156015,-6.8,4.0365,0.4432142857142857,1.2364642857142856
T1027_AlphaFold_casp2,ECMDB20175,LEU,131,CA,5.627145138709175,-5.9,4.786913043478261,0.14408695652173914,1.0616956521739132,T1027_AlphaFold_casp3,ECMDB20175,LEU,131,CA,5.7207461978741465,-5.7,5.313217391304348,-0.7223478260869566,1.725608695652174
T1027_AlphaFold_casp2,ECMDB20177,LEU,57,CA,5.292928921745003,-6.1,2.5232592592592593,-5.73611111111111,2.9015185185185186,T1027_AlphaFold_casp3,ECMDB20177,LEU,57,CA,7.1428066817030045,-6.0,2.9525185185185183,-8.621518518518519,1.5407037037037032
T1027_AlphaFold_casp2,ECMDB20178,LEU,131,CA,4.79567378778925,-6.8,4.238433333333333,0.4416333333333335,1.7826999999999997,T1027_AlphaFold_casp3,ECMDB20178,LEU,131,CA,6.086120985031799,-6.3,4.373733333333333,-1.4939999999999998,1.7482
T1027_AlphaFold_casp2,ECMDB20186,LYS,33,CA,5.307164603254776,-5.4,9.914931034482755,-6.015586206896551,-10.249137931034484,T1027_AlphaFold_casp3,ECMDB20186,LYS,33,CA,14.962329580345033,-5.5,0.9074137931034482,-8.775862068965518,1.1930689655172417
T1027_AlphaFold_casp2,ECMDB20187,GLY,32,CA,4.478937725203876,-4.7,8.14544827586207,-5.688172413793103,-11.057137931034482,T1027_AlphaFold_casp3,ECMDB20187,GLY,32,CA,18.6432801695193,-6.2,3.1790000000000007,1.5037241379310347,1.7082413793103455
T1027_AlphaFold_casp2,ECMDB20188,LEU,131,CA,4.769077467798208,-6.5,3.044258064516129,-0.06387096774193525,2.2599354838709673,T1027_AlphaFold_casp3,ECMDB20188,LEU,131,CA,5.099471687659048,-6.5,2.012741935483871,-0.062225806451612665,2.188612903225806
T1027_AlphaFold_casp2,ECMDB20189,SER,61,CA,5.160248804884927,-4.7,1.4921071428571426,-8.249607142857142,0.7132500000000002,T1027_AlphaFold_casp3,ECMDB20189,SER,61,CA,10.82508191631352,-5.5,4.531357142857144,1.0494285714285714,1.3925714285714288
T1027_AlphaFold_casp2,ECMDB20191,LEU,57,CA,5.311557990071064,-6.6,2.040714285714286,-4.512035714285713,2.4263571428571424,T1027_AlphaFold_casp3,ECMDB20191,LEU,57,CA,8.02706105915789,-6.6,2.469821428571429,-0.13425,1.881714285714286
T1027_AlphaFold_casp2,ECMDB20192,LEU,131,CA,4.847689780258356,-5.1,3.0759615384615393,1.3534230769230768,1.3315769230769232,T1027_AlphaFold_casp3,ECMDB20192,LEU,131,CA,5.726909627638286,-5.1,4.946538461538461,-1.0875384615384613,1.9582692307692313
T1027_AlphaFold_casp2,ECMDB20196,LEU,131,CA,5.0717675617768645,-6.3,3.3365294117647055,1.1374117647058826,1.134529411764706,T1027_AlphaFold_casp3,ECMDB20196,LEU,131,CA,6.412332680928185,-6.2,2.8602647058823534,-1.6924411764705876,1.567617647058824
T1027_AlphaFold_casp2,ECMDB20202,MET,43,CA,5.592843227313986,-7.8,3.575717391304347,-3.9796086956521735,1.934043478260869,T1027_AlphaFold_casp3,ECMDB20202,MET,43,CA,5.6174601142474225,-8.0,4.339500000000001,-2.2847826086956524,1.7808913043478258
T1027_AlphaFold_casp2,ECMDB20226,LEU,57,CA,5.643867122846357,-7.5,1.7746470588235292,-3.2099411764705885,2.2658235294117652,T1027_AlphaFold_casp3,ECMDB20226,LEU,57,CA,5.723950800868335,-7.4,1.6562058823529413,-3.0291470588235287,2.147970588235294
T1027_AlphaFold_casp2,ECMDB20238,LEU,131,CA,4.137266251814114,-6.2,3.45172,1.5492,1.9698,T1027_AlphaFold_casp3,ECMDB20238,LEU,131,CA,4.067435527012076,-6.3,3.51212,1.6541199999999998,2.00024
T1027_AlphaFold_casp2,ECMDB20246,LEU,131,CA,5.735740769723572,-7.1,4.4116388888888896,-0.7961666666666667,1.5563611111111109,T1027_AlphaFold_casp3,ECMDB20246,LEU,131,CA,5.123063307210966,-7.6,3.8801111111111126,0.22141666666666648,1.5176388888888888
T1027_AlphaFold_casp2,ECMDB20267,ALA,15,CA,4.656060520633223,-5.8,1.2245882352941178,-9.358676470588234,0.24894117647058836,T1027_AlphaFold_casp3,ECMDB20267,ALA,15,CA,11.245140240501527,-6.4,3.958323529411764,-2.7148823529411765,2.4782941176470583
T1027_AlphaFold_casp2,ECMDB20281,SER,61,CA,6.034521755071042,-8.1,2.4198793103448284,-4.382379310344827,0.6695862068965516,T1027_AlphaFold_casp3,ECMDB20281,SER,61,CA,6.106858069983314,-8.4,2.6871724137931032,-5.689224137931036,1.2496379310344832
T1027_AlphaFold_casp2,ECMDB20298,SER,61,CA,4.947927509347232,-7.9,1.6215,-5.982285714285714,0.782142857142857,T1027_AlphaFold_casp3,ECMDB20298,SER,61,CA,7.932512231131584,-8.0,3.9570000000000016,-3.8230476190476192,2.1152380952380954
T1027_AlphaFold_casp2,ECMDB20324,LEU,131,CA,5.573076075947867,-7.7,2.765,-0.9419444444444444,2.0380277777777778,T1027_AlphaFold_casp3,ECMDB20324,LEU,131,CA,5.369848020557835,-7.5,3.0108055555555553,-0.9432777777777773,2.2773055555555555
T1027_AlphaFold_casp2,ECMDB20325,LEU,131,CA,5.636128771841393,-6.7,4.038967741935484,-0.9171935483870968,1.7724516129032257,T1027_AlphaFold_casp3,ECMDB20325,LEU,131,CA,5.829155015666519,-6.8,4.319645161290322,-1.634903225806451,2.314645161290323
T1027_AlphaFold_casp2,ECMDB20347,LEU,131,CA,5.228688846760862,-6.2,2.2932962962962957,0.5240000000000001,1.493074074074074,T1027_AlphaFold_casp3,ECMDB20347,LEU,131,CA,18.790337078947424,-5.6,7.8326666666666656,-5.65948148148148,-10.375222222222224
T1027_AlphaFold_casp2,ECMDB20428,SER,61,CA,5.514816561582821,-6.4,1.983464285714286,-7.020178571428572,1.5648214285714286,T1027_AlphaFold_casp3,ECMDB20428,SER,61,CA,5.550353358051602,-6.4,2.0050714285714286,-7.072249999999999,1.5932142857142855
T1027_AlphaFold_casp2,ECMDB20429,LYS,34,CA,5.804066251580386,-5.3,9.88378125,-17.38696875,-11.5760625,T1027_AlphaFold_casp3,ECMDB20429,LYS,34,CA,14.549941730513156,-6.9,2.7506250000000003,-4.49403125,2.13746875
T1027_AlphaFold_casp2,ECMDB20469,LEU,128,CA,3.857715116789863,-4.8,-2.1029375,1.8825,4.544708333333333,T1027_AlphaFold_casp3,ECMDB20469,LEU,128,CA,24.375148932210607,-2.4,-6.2217916666666655,-19.200354166666664,3.2389166666666664
T1027_AlphaFold_casp2,ECMDB20470,GLY,51,CA,3.136865777731017,-3.0,4.95735,-0.23524999999999974,15.808650000000004,T1027_AlphaFold_casp3,ECMDB20470,GLY,51,CA,6.397208806630045,-2.3,0.09967499999999983,4.995600000000001,16.651
T1027_AlphaFold_casp2,ECMDB20485,MET,43,CA,6.885805044044728,-8.0,2.666857142857143,-2.961535714285714,1.3576071428571432,T1027_AlphaFold_casp3,ECMDB20485,MET,43,CA,18.417386972871096,-6.7,10.883785714285716,-18.220446428571424,-8.789642857142859
T1027_AlphaFold_casp2,ECMDB20518,LEU,144,CA,5.472118848306046,-5.7,9.981111111111112,-5.757962962962963,-10.426518518518519,T1027_AlphaFold_casp3,ECMDB20518,LEU,144,CA,11.398890432249086,-6.2,2.857333333333333,-0.517,1.7754444444444444
T1027_AlphaFold_casp2,ECMDB20537,MET,43,CA,6.18962900643842,-8.4,3.4847948717948722,-2.642692307692307,1.6551538461538458,T1027_AlphaFold_casp3,ECMDB20537,MET,43,CA,8.294833400775092,-8.5,1.1746410256410256,-4.697615384615385,0.413153846153846
T1027_AlphaFold_casp2,ECMDB20547,LEU,131,CA,6.185855852466982,-7.5,3.6850500000000004,-1.8724500000000006,2.0136499999999997,T1027_AlphaFold_casp3,ECMDB20547,LEU,131,CA,9.796977669765049,-6.9,1.7095249999999997,-5.5829249999999995,1.6155750000000002
T1027_AlphaFold_casp2,ECMDB20549,LEU,131,CA,4.389883534601849,-7.0,3.0986842105263155,1.6210263157894738,1.7257105263157897,T1027_AlphaFold_casp3,ECMDB20549,LEU,131,CA,4.766834192359907,-7.1,3.3620526315789467,1.864078947368421,1.2203947368421055
T1027_AlphaFold_casp2,ECMDB20557,LEU,131,CA,4.426591083141399,-6.6,4.052642857142856,2.3774285714285717,1.4441428571428574,T1027_AlphaFold_casp3,ECMDB20557,LEU,131,CA,4.376134731123916,-6.8,3.944214285714286,2.6638928571428573,1.4603571428571431
T1027_AlphaFold_casp2,ECMDB20558,LEU,131,CA,4.173812083207786,-6.6,2.732064516129032,2.0050322580645163,1.930548387096775,T1027_AlphaFold_casp3,ECMDB20558,LEU,131,CA,4.354706846390706,-6.5,3.2365806451612906,1.206,1.9041612903225806
T1027_AlphaFold_casp2,ECMDB20562,MET,43,CA,6.39592849673262,-7.1,3.3053720930232546,-2.4351162790697676,1.7357906976744184,T1027_AlphaFold_casp3,ECMDB20562,MET,43,CA,5.943311251911777,-7.4,3.434488372093023,-2.981162790697674,2.1180000000000008
T1027_AlphaFold_casp2,ECMDB20564,PRO,36,CA,6.233150836005815,-6.9,14.39214,-17.35372,-6.491079999999999,T1027_AlphaFold_casp3,ECMDB20564,PRO,36,CA,12.657982478673285,-7.0,8.228879999999998,-19.26951999999999,-12.12484
T1027_AlphaFold_casp2,ECMDB20573,LEU,131,CA,4.852848375197093,-6.5,2.7602571428571427,1.4325714285714286,1.3643999999999998,T1027_AlphaFold_casp3,ECMDB20573,LEU,131,CA,9.267501235599417,-6.1,2.636428571428572,-5.638971428571428,2.695714285714286
T1027_AlphaFold_casp2,ECMDB20575,LEU,131,CA,3.9918076825474,-7.3,3.297333333333334,2.1593,1.9618000000000002,T1027_AlphaFold_casp3,ECMDB20575,LEU,131,CA,4.708717307174949,-6.9,2.6987,1.8027666666666664,1.4203666666666666
T1027_AlphaFold_casp2,ECMDB20579,LYS,34,CA,5.847562808070045,-7.3,11.41419642857143,-17.846053571428573,-10.452196428571431,T1027_AlphaFold_casp3,ECMDB20579,LYS,34,CA,13.52564675522034,-8.8,2.636250000000001,-4.6756607142857165,0.6064285714285714
T1027_AlphaFold_casp2,ECMDB20594,LEU,131,CA,4.50666534655703,-7.3,2.886423076923077,1.3677692307692306,1.7370769230769225,T1027_AlphaFold_casp3,ECMDB20594,LEU,131,CA,4.504575104413487,-7.3,2.6112307692307697,1.5649230769230766,1.7406538461538463
T1027_AlphaFold_casp2,ECMDB20601,LEU,131,CA,4.758411722815644,-7.6,3.3782580645161295,1.5923870967741938,1.3030645161290324,T1027_AlphaFold_casp3,ECMDB20601,LEU,131,CA,7.121438611473269,-7.9,2.247,-3.1206774193548386,2.558225806451613
T1027_AlphaFold_casp2,ECMDB20608,LEU,131,CA,5.418375746968783,-7.1,3.3860277777777776,-0.7473333333333335,1.9368888888888884,T1027_AlphaFold_casp3,ECMDB20608,LEU,131,CA,4.60434487412785,-6.7,3.5014722222222217,0.6052222222222221,1.9060555555555558
T1027_AlphaFold_casp2,ECMDB20612,MET,43,CA,5.426213628212794,-8.0,3.842690476190476,-3.7063571428571436,1.9108571428571435,T1027_AlphaFold_casp3,ECMDB20612,MET,43,CA,5.764000834800664,-8.4,3.928238095238095,-2.9149047619047628,1.533285714285714
T1027_AlphaFold_casp2,ECMDB20613,SER,61,CA,5.695099547375442,-8.0,2.1090930232558143,-4.705837209302325,1.0006511627906975,T1027_AlphaFold_casp3,ECMDB20613,SER,61,CA,16.156470743559897,-7.2,5.007465116279069,-3.1916976744186054,-13.60769767441861
T1027_AlphaFold_casp2,ECMDB20620,LYS,34,CA,5.904763501363184,-5.7,13.851488372093021,-16.929395348837208,-7.284767441860468,T1027_AlphaFold_casp3,ECMDB20620,LYS,34,CA,8.416624218971332,-6.9,5.1578372093023255,-6.084302325581396,-6.061558139534885
T1027_AlphaFold_casp2,ECMDB20622,LEU,131,CA,5.273272374173988,-7.2,4.152125,-0.26028124999999985,1.6867499999999997,T1027_AlphaFold_casp3,ECMDB20622,LEU,131,CA,4.9703509109251405,-7.3,3.9125937499999996,0.029593749999999946,1.8366875000000005
T1027_AlphaFold_casp2,ECMDB21000,SER,61,CA,6.054419742829452,-9.1,2.5267446808510634,-4.771340425531915,0.8989148936170209,T1027_AlphaFold_casp3,ECMDB21000,SER,61,CA,19.97463934290506,-6.4,8.945212765957443,-17.537148936170208,-11.268361702127661
T1027_AlphaFold_casp2,ECMDB21005,LEU,131,CA,5.406901803514396,-7.6,4.776541666666666,0.3322500000000001,1.2080833333333334,T1027_AlphaFold_casp3,ECMDB21005,LEU,131,CA,5.337164162931785,-7.7,4.350208333333333,-0.2720833333333333,1.632958333333333
T1027_AlphaFold_casp2,ECMDB21014,GLY,89,CA,4.759999337843508,-2.9,-4.975941176470587,-15.97231372549019,-5.519921568627453,T1027_AlphaFold_casp3,ECMDB21014,GLY,89,CA,21.186565626966157,-2.9,11.089921568627451,-5.731803921568628,11.024372549019605
T1027_AlphaFold_casp2,ECMDB21015,GLY,90,CA,4.615339670854885,-2.7,-5.253557692307693,-15.47894230769231,-6.910038461538464,T1027_AlphaFold_casp3,ECMDB21015,GLY,90,CA,5.245527978824175,-3.2,-6.102461538461538,-12.057461538461535,-9.762346153846154
T1027_AlphaFold_casp2,ECMDB21016,PRO,31,CA,4.8173451354787735,-2.9,7.600092592592589,-4.219870370370369,-15.480407407407403,T1027_AlphaFold_casp3,ECMDB21016,PRO,31,CA,22.19877012564482,-4.8,0.17579629629629723,0.5714814814814821,2.0010555555555563
T1027_AlphaFold_casp2,ECMDB21017,ILE,95,CA,5.895480018570635,-2.8,-11.703333333333331,-8.265196078431373,-9.336431372549022,T1027_AlphaFold_casp3,ECMDB21017,ILE,95,CA,32.45552221928836,-2.2,2.861823529411765,-11.555313725490196,15.7398431372549
T1027_AlphaFold_casp2,ECMDB21018,VAL,134,CA,5.608905510270242,-4.3,6.717226415094342,1.3080754716981138,0.5311509433962264,T1027_AlphaFold_casp3,ECMDB21018,VAL,134,CA,12.980261783765384,-2.2,17.755622641509436,5.078849056603774,-4.751867924528301
T1027_AlphaFold_casp2,ECMDB21019,GLU,42,CA,4.493054640563192,-2.2,15.6705,-5.849444444444442,7.961000000000001,T1027_AlphaFold_casp3,ECMDB21019,GLU,42,CA,24.82733516508608,-2.4,-7.872962962962963,-14.33166666666666,-6.902166666666665
T1027_AlphaFold_casp2,ECMDB21020,LEU,131,CA,4.827714893849991,-4.0,5.902196428571429,1.930589285714286,1.5783214285714287,T1027_AlphaFold_casp3,ECMDB21020,LEU,131,CA,25.44560998331209,-2.8,11.785732142857142,-6.6975178571428575,-16.329607142857146
T1027_AlphaFold_casp2,ECMDB21021,PRO,36,CA,6.254037935023368,-3.2,15.327387755102041,-16.568224489795917,-6.998163265306122,T1027_AlphaFold_casp3,ECMDB21021,PRO,36,CA,18.808746571579913,-5.3,0.7509183673469385,0.5457346938775507,2.3089183673469384
T1027_AlphaFold_casp2,ECMDB21024,VAL,134,CA,4.154519505494311,-4.0,6.315673469387756,3.545183673469387,1.6884489795918367,T1027_AlphaFold_casp3,ECMDB21024,VAL,134,CA,26.47155767427008,-2.4,-15.073367346938774,-5.91442857142857,0.36646938775510196
T1027_AlphaFold_casp2,ECMDB21025,ASP,83,CA,5.0321176989362755,-3.7,7.935901960784315,-19.039098039215688,-10.53935294117647,T1027_AlphaFold_casp3,ECMDB21025,ASP,83,CA,20.78545703435155,-3.0,-2.624254901960784,-21.099254901960776,11.777392156862746
T1027_AlphaFold_casp2,ECMDB21026,ASP,118,CA,5.619681329787846,-2.9,-14.724529411764712,7.5936470588235325,3.7690196078431373,T1027_AlphaFold_casp3,ECMDB21026,ASP,118,CA,16.612815534018313,-2.3,-10.239843137254903,-12.660999999999998,6.025039215686275
T1027_AlphaFold_casp2,ECMDB21027,LYS,163,CA,6.069200748553065,-2.1,-12.417037735849055,10.767283018867923,6.304056603773585,T1027_AlphaFold_casp3,ECMDB21027,LYS,163,CA,20.580124737025457,-5.2,1.3199811320754717,-8.323150943396225,-0.0778679245283017
T1027_AlphaFold_casp2,ECMDB21028,LYS,64,CA,5.280167260793687,-2.9,-10.334795918367346,-7.886510204081633,-7.949285714285713,T1027_AlphaFold_casp3,ECMDB21028,LYS,64,CA,14.973562981213028,-2.7,-9.90834693877551,-13.700612244897963,4.1884285714285685
T1027_AlphaFold_casp2,ECMDB21030,LYS,163,CA,6.412449398539637,-2.8,-13.263807692307692,9.17969230769231,8.482942307692307,T1027_AlphaFold_casp3,ECMDB21030,LYS,163,CA,30.94954360096427,-3.1,12.194769230769229,-3.2422307692307695,-13.318038461538464
T1027_AlphaFold_casp2,ECMDB21033,GLY,89,CA,3.1943872272606457,-2.9,-3.292672727272727,-16.19967272727273,-4.567327272727274,T1027_AlphaFold_casp3,ECMDB21033,GLY,89,CA,9.480128643319363,-3.8,2.973381818181817,-6.243690909090912,-7.388672727272725
T1027_AlphaFold_casp2,ECMDB21037,LYS,71,CA,3.902560673808568,-2.9,1.6174629629629635,7.2763518518518495,-15.757740740740736,T1027_AlphaFold_casp3,ECMDB21037,LYS,71,CA,25.33110658083731,-2.2,-16.96811111111111,8.097240740740741,4.384240740740741
T1027_AlphaFold_casp2,ECMDB21041,ASP,22,CA,7.058579382891844,-2.8,16.198826923076926,-19.600173076923078,-2.2538076923076913,T1027_AlphaFold_casp3,ECMDB21041,ASP,22,CA,22.901924305672146,-5.5,2.3201153846153844,-5.927557692307695,-2.6519615384615376
T1027_AlphaFold_casp2,ECMDB21042,LEU,119,CA,6.352603094640223,-3.7,-14.003673076923075,-3.9041346153846153,-0.4163269230769228,T1027_AlphaFold_casp3,ECMDB21042,LEU,119,CA,11.289340602926746,-2.9,-12.12976923076923,11.73938461538461,3.888596153846154
T1027_AlphaFold_casp2,ECMDB21044,LYS,68,CA,4.284923795086466,-3.0,-6.112537037037036,8.854759259259259,-16.009499999999996,T1027_AlphaFold_casp3,ECMDB21044,LYS,68,CA,20.934773853650725,-2.5,-6.031962962962963,-14.895648148148151,-7.613740740740741
T1027_AlphaFold_casp2,ECMDB21045,GLY,32,CA,4.332116044331698,-2.8,9.243517857142853,-6.031214285714284,-12.25098214285714,T1027_AlphaFold_casp3,ECMDB21045,GLY,32,CA,18.08442304288431,-2.3,-8.477500000000001,-11.844410714285711,-3.4934821428571445
T1027_AlphaFold_casp2,ECMDB21049,ALA,19,CA,4.0719664227136105,-2.3,12.059346153846151,-21.57817307692308,4.641884615384614,T1027_AlphaFold_casp3,ECMDB21049,ALA,19,CA,26.442612878693378,-2.4,-13.619961538461535,-6.9511153846153855,3.331673076923079
T1027_AlphaFold_casp2,ECMDB21050,ASN,10,CA,3.2088957365961,-3.6,2.1653396226415103,-14.39830188679245,9.738981132075475,T1027_AlphaFold_casp3,ECMDB21050,ASN,10,CA,25.036605812735196,-2.6,-10.071943396226416,-9.783584905660376,-12.823886792452834
T1027_AlphaFold_casp2,ECMDB21054,PHE,72,CA,7.921439170205922,-1.4,-2.406818181818182,12.08805454545454,-17.71498181818182,T1027_AlphaFold_casp3,ECMDB21054,PHE,72,CA,11.915619429115056,-2.5,8.959509090909092,11.803309090909096,-7.191454545454545
T1027_AlphaFold_casp2,ECMDB21055,ASP,83,CA,4.832152822770229,-3.5,6.704444444444444,-20.421,-10.905962962962962,T1027_AlphaFold_casp3,ECMDB21055,ASP,83,CA,11.524632476427838,-3.4,-3.819722222222222,-11.274592592592594,-2.555462962962963
T1027_AlphaFold_casp2,ECMDB21060,LYS,163,CA,7.580247991766885,-3.0,-13.425450980392158,10.84317647058823,4.6084313725490205,T1027_AlphaFold_casp3,ECMDB21060,LYS,163,CA,15.603181138144802,-3.3,-12.081019607843137,-5.887686274509803,6.8819607843137245
T1027_AlphaFold_casp2,ECMDB21062,LYS,34,CA,6.790439976103439,-3.7,14.577566037735844,-17.41852830188679,-7.897811320754716,T1027_AlphaFold_casp3,ECMDB21062,LYS,34,CA,16.697456984547106,-4.3,7.109207547169814,0.8701698113207557,1.032433962264151
T1027_AlphaFold_casp2,ECMDB21063,MET,43,CA,6.746952329887491,-5.5,3.4732244897959195,-4.864448979591838,-0.33814285714285724,T1027_AlphaFold_casp3,ECMDB21063,MET,43,CA,18.24176041812951,-3.4,13.893897959183677,-15.640408163265306,-9.983530612244898
T1027_AlphaFold_casp2,ECMDB21064,ASP,106,CA,7.2423844391077825,-2.7,-11.633056603773586,8.811660377358491,-17.318,T1027_AlphaFold_casp3,ECMDB21064,ASP,106,CA,24.49854764088349,-5.0,-0.1950754716981137,-7.7496603773584924,-2.007490566037735
T1027_AlphaFold_casp2,ECMDB21065,GLY,89,CA,4.306131478248021,-3.2,-4.32721568627451,-12.982313725490195,-2.6912549019607823,T1027_AlphaFold_casp3,ECMDB21065,GLY,89,CA,14.038099142710216,-2.7,12.152843137254902,-16.87366666666667,-9.608588235294116
T1027_AlphaFold_casp2,ECMDB21066,ASN,17,CA,4.71997929912766,-2.4,-0.12390566037735841,-22.007735849056598,1.0295283018867918,T1027_AlphaFold_casp3,ECMDB21066,ASN,17,CA,21.16948388219176,-3.0,-10.541509433962265,-6.1705094339622635,-4.820867924528302
T1027_AlphaFold_casp2,ECMDB21067,HIS,62,CA,6.774483141517523,-3.0,-13.41327777777778,-8.030796296296298,-2.4088888888888893,T1027_AlphaFold_casp3,ECMDB21067,HIS,62,CA,18.221627146439328,-2.6,-13.962611111111118,8.71024074074074,5.338685185185185
T1027_AlphaFold_casp2,ECMDB21068,THR,150,CA,5.196241957897339,-2.6,5.559535714285715,8.014910714285712,-12.993892857142859,T1027_AlphaFold_casp3,ECMDB21068,THR,150,CA,27.5466393305059,-2.2,-4.410017857142857,-18.124696428571433,-5.863750000000002
T1027_AlphaFold_casp2,ECMDB21070,GLU,42,CA,3.110402975935287,-3.2,15.313980769230767,-5.945480769230766,4.650134615384615,T1027_AlphaFold_casp3,ECMDB21070,GLU,42,CA,10.91502485144978,-3.1,4.845903846153845,-9.411346153846154,12.367384615384616
T1027_AlphaFold_casp2,ECMDB21073,LEU,119,CA,4.367705830724249,-2.7,-14.460076923076922,-3.364961538461539,3.3322499999999997,T1027_AlphaFold_casp3,ECMDB21073,LEU,119,CA,33.83668948231212,-2.9,15.914596153846155,-7.3173653846153845,-12.845134615384618
T1027_AlphaFold_casp2,ECMDB21075,MET,43,CA,4.510318944046343,-3.8,4.518574074074074,-5.092407407407406,2.1723333333333326,T1027_AlphaFold_casp3,ECMDB21075,MET,43,CA,21.880298667205572,-2.0,-7.0505,-16.251462962962965,14.403925925925924
T1027_AlphaFold_casp2,ECMDB21082,MET,43,CA,7.208573511591352,-6.1,2.856259259259258,-2.382092592592593,0.6934259259259259,T1027_AlphaFold_casp3,ECMDB21082,MET,43,CA,19.053149167119308,-2.6,-2.9430555555555564,-15.136944444444442,15.31925925925926
T1027_AlphaFold_casp2,ECMDB21084,PHE,72,CA,3.798047339796605,-2.4,-0.15507407407407273,10.36485185185185,-13.356222222222224,T1027_AlphaFold_casp3,ECMDB21084,PHE,72,CA,22.475000940032416,-2.3,-12.925944444444442,-7.5236111111111095,0.29762962962962897
T1027_AlphaFold_casp2,ECMDB21086,LEU,57,CA,3.743395163003767,-5.3,1.4564599999999996,-6.085519999999998,4.1996199999999995,T1027_AlphaFold_casp3,ECMDB21086,LEU,57,CA,26.212134616867825,-3.4,13.644080000000006,-16.205400000000004,-12.413920000000008
T1027_AlphaFold_casp2,ECMDB21103,SER,61,CA,5.41101808008378,-5.9,2.107424242424241,-6.030939393939393,0.7034545454545454,T1027_AlphaFold_casp3,ECMDB21103,SER,61,CA,17.558818587146135,-3.7,9.175030303030303,-4.108515151515151,-12.292030303030305
T1027_AlphaFold_casp2,ECMDB21104,PRO,36,CA,5.398584370263697,-3.1,16.595243902439027,-16.588048780487807,-4.088658536585367,T1027_AlphaFold_casp3,ECMDB21104,PRO,36,CA,5.20412459955656,-3.3,15.291048780487804,-17.17256097560976,-1.2205121951219509
T1027_AlphaFold_casp2,ECMDB21105,ARG,27,CA,4.523022880551158,-2.8,13.724243902439026,-14.919756097560974,-13.988073170731706,T1027_AlphaFold_casp3,ECMDB21105,ARG,27,CA,20.83363613768442,-2.8,-3.939975609756098,-16.57665853658537,-8.517121951219513
T1027_AlphaFold_casp2,ECMDB21106,ALA,45,CA,5.054147380195867,-2.9,13.803955555555557,-2.3472222222222223,10.052422222222221,T1027_AlphaFold_casp3,ECMDB21106,ALA,45,CA,11.91908846454623,-6.2,1.444511111111111,-5.069933333333333,0.8644000000000001
T1027_AlphaFold_casp2,ECMDB21108,LYS,33,CA,4.245611099876579,-4.3,9.101837837837838,-15.046189189189194,-12.603810810810812,T1027_AlphaFold_casp3,ECMDB21108,LYS,33,CA,14.616053258926867,-4.7,-1.1676756756756752,-11.293837837837836,-0.854918918918919
T1027_AlphaFold_casp2,ECMDB21109,PRO,31,CA,3.8492620087086005,-3.1,10.748864864864865,-6.11281081081081,-15.141891891891891,T1027_AlphaFold_casp3,ECMDB21109,PRO,31,CA,34.48954478935914,-2.9,-15.669486486486488,7.885621621621624,1.8337297297297297
T1027_AlphaFold_casp2,HMDB0000010,LEU,131,CA,4.742353176659654,-8.8,2.472782608695653,0.8597391304347827,1.8255652173913046,T1027_AlphaFold_casp3,HMDB0000010,LEU,131,CA,4.768118414782849,-9.4,2.5866521739130435,1.6389565217391306,1.4350869565217388
T1027_AlphaFold_casp2,HMDB0000015,LEU,60,CA,5.756712435450627,-8.4,1.414814814814815,-2.468,2.0357407407407404,T1027_AlphaFold_casp3,HMDB0000015,LEU,60,CA,5.7219074022231355,-8.4,1.3639999999999999,-2.3692592592592594,2.0262592592592594
T1027_AlphaFold_casp2,HMDB0000016,LEU,131,CA,6.048388133974209,-9.6,1.9499200000000005,-1.4961200000000003,2.2567199999999996,T1027_AlphaFold_casp3,HMDB0000016,LEU,131,CA,6.032036357450112,-9.6,1.96436,-1.49392,2.2739599999999998
T1027_AlphaFold_casp2,HMDB0000021,LEU,131,CA,5.556245341622011,-6.1,-0.13344444444444442,2.579222222222222,1.9877777777777774,T1027_AlphaFold_casp3,HMDB0000021,LEU,131,CA,5.8941482881931195,-5.8,0.7830555555555555,0.007666666666666612,1.785611111111111
T1027_AlphaFold_casp2,HMDB0000032,LEU,57,CA,5.508305466238558,-10.2,1.6901379310344824,-2.867517241379311,2.655827586206897,T1027_AlphaFold_casp3,HMDB0000032,LEU,57,CA,5.5114446972110835,-9.9,1.8621379310344828,-3.191344827586206,2.587172413793104
T1027_AlphaFold_casp2,HMDB0000036,MET,43,CA,5.374165875922786,-8.3,4.060512820512821,-3.820282051282051,1.5141794871794876,T1027_AlphaFold_casp3,HMDB0000036,MET,43,CA,5.362575890324274,-8.3,4.096333333333333,-3.789897435897436,1.4895128205128203
T1027_AlphaFold_casp2,HMDB0000037,LEU,131,CA,5.622333646167447,-8.9,4.228142857142857,-0.8395,1.7300357142857143,T1027_AlphaFold_casp3,HMDB0000037,LEU,131,CA,5.605451532905722,-8.8,4.258214285714287,-0.8215000000000001,1.7391428571428569
T1027_AlphaFold_casp2,HMDB0000045,ALA,47,CA,5.901185401016833,-6.5,2.983111111111111,-3.310999999999999,2.9647037037037043,T1027_AlphaFold_casp3,HMDB0000045,ALA,47,CA,5.802362993998992,-6.6,3.3067777777777767,-4.391777777777778,3.1857407407407403
T1027_AlphaFold_casp2,HMDB0000054,SER,61,CA,4.219316401489759,-9.0,0.980574468085106,-6.265021276595745,-0.08076595744680831,T1027_AlphaFold_casp3,HMDB0000054,SER,61,CA,7.292722568171306,-9.7,3.0603829787234047,-2.8736808510638294,1.1368723404255319
T1027_AlphaFold_casp2,HMDB0000058,LEU,131,CA,4.887008490272961,-7.5,3.3064,1.1733200000000001,1.3239600000000002,T1027_AlphaFold_casp3,HMDB0000058,LEU,131,CA,4.848224010336157,-7.5,3.3156800000000004,1.14736,1.3756799999999998
T1027_AlphaFold_casp2,HMDB0000061,MET,43,CA,5.39605153473867,-6.7,3.964066666666666,-3.1832000000000003,2.153433333333333,T1027_AlphaFold_casp3,HMDB0000061,MET,43,CA,8.288472181288899,-7.0,2.6458333333333335,0.19463333333333335,1.9270666666666674
T1027_AlphaFold_casp2,HMDB0000063,LEU,131,CA,5.679825938637764,-8.7,4.002758620689655,-1.4064137931034484,2.2393448275862067,T1027_AlphaFold_casp3,HMDB0000063,LEU,131,CA,5.658153883643226,-8.7,3.8997586206896555,-1.3655517241379302,2.221206896551724
T1027_AlphaFold_casp2,HMDB0000067,LEU,131,CA,5.993140282613682,-10.2,1.8230689655172414,-1.6574137931034485,2.648827586206897,T1027_AlphaFold_casp3,HMDB0000067,LEU,131,CA,5.958694550248645,-10.3,1.8413793103448275,-1.6338620689655172,2.6675517241379314
T1027_AlphaFold_casp2,HMDB0000082,MET,43,CA,4.650267603899671,-7.0,4.764757575757575,-3.123575757575758,2.407939393939394,T1027_AlphaFold_casp3,HMDB0000082,MET,43,CA,4.6543698452707485,-7.1,4.772363636363637,-3.093545454545455,2.415787878787879
T1027_AlphaFold_casp2,HMDB0000095,LEU,131,CA,4.635012124946385,-6.1,2.9990799999999997,1.07788,1.69424,T1027_AlphaFold_casp3,HMDB0000095,LEU,131,CA,5.604257071191506,-6.2,3.1083600000000002,-0.5585999999999998,1.5585200000000003
T1027_AlphaFold_casp2,HMDB0000125,LEU,131,CA,4.079078622287727,-5.6,2.6837307692307695,1.6290384615384617,2.166576923076923,T1027_AlphaFold_casp3,HMDB0000125,LEU,131,CA,4.107574602714345,-5.7,3.174038461538461,1.7809615384615383,1.961192307692308
T1027_AlphaFold_casp2,HMDB0000138,MET,43,CA,5.386552101280565,-9.1,4.180081081081082,-2.5543783783783782,2.444108108108108,T1027_AlphaFold_casp3,HMDB0000138,MET,43,CA,5.435459402075808,-9.1,4.108270270270271,-2.546513513513514,2.4967027027027027
T1027_AlphaFold_casp2,HMDB0000163,SER,61,CA,4.523314659154635,-6.3,0.44519354838709674,-8.865483870967743,0.6565161290322581,T1027_AlphaFold_casp3,HMDB0000163,SER,61,CA,4.5486025853781324,-6.3,0.4655806451612903,-8.86416129032258,0.7127096774193548
T1027_AlphaFold_casp2,HMDB0000175,LEU,131,CA,4.958306375558627,-6.9,2.9951923076923075,1.4483846153846154,1.1940769230769233,T1027_AlphaFold_casp3,HMDB0000175,LEU,131,CA,7.907680239533593,-6.7,1.7423461538461535,-3.8302307692307687,2.4464615384615387
T1027_AlphaFold_casp2,HMDB0000186,LEU,131,CA,4.7798979522499225,-6.0,2.8073870967741934,0.9243870967741935,1.6481935483870969,T1027_AlphaFold_casp3,HMDB0000186,LEU,131,CA,4.872316699132901,-6.0,2.814709677419354,0.8185483870967742,1.5937741935483871
T1027_AlphaFold_casp2,HMDB0000217,LEU,57,CA,6.329870709971782,-9.0,2.1847454545454545,-3.3750909090909085,1.5314909090909092,T1027_AlphaFold_casp3,HMDB0000217,LEU,57,CA,7.662583380393821,-8.8,-1.558018181818181,-7.2969636363636345,-1.6000727272727264
T1027_AlphaFold_casp2,HMDB0000218,LEU,131,CA,5.531427010234098,-6.8,4.852481481481481,-0.943925925925926,2.0702962962962963,T1027_AlphaFold_casp3,HMDB0000218,LEU,131,CA,5.955219647105176,-6.7,2.0320740740740733,-1.3444074074074075,2.183148148148148
T1027_AlphaFold_casp2,HMDB0000221,SER,61,CA,6.270425273120248,-8.7,2.866454545454546,-4.910872727272727,-0.07974545454545463,T1027_AlphaFold_casp3,HMDB0000221,SER,61,CA,6.405174990648299,-8.7,2.9578181818181815,-4.720454545454546,-0.12294545454545458
T1027_AlphaFold_casp2,HMDB0000222,GLY,75,CA,5.569398715049398,-4.1,7.728785714285715,-3.8206785714285716,-12.739571428571429,T1027_AlphaFold_casp3,HMDB0000222,GLY,75,CA,12.13876911905673,-6.6,0.8300714285714287,-1.6904642857142862,2.1789285714285715
T1027_AlphaFold_casp2,HMDB0000229,LEU,131,CA,4.711445236283348,-7.0,2.6343846153846155,1.1686153846153844,1.6592692307692307,T1027_AlphaFold_casp3,HMDB0000229,LEU,131,CA,4.7691886562967,-6.8,2.598961538461538,1.201538461538461,1.590384615384615
T1027_AlphaFold_casp2,HMDB0000230,GLY,32,CA,4.860357113164597,-5.9,7.898703703703704,-5.978592592592593,-9.737296296296298,T1027_AlphaFold_casp3,HMDB0000230,GLY,32,CA,4.853254243889341,-5.9,7.779037037037036,-5.9329629629629625,-9.765444444444446
T1027_AlphaFold_casp2,HMDB0000241,ASP,83,CA,6.040099614261887,-7.3,8.52015909090909,-18.34979545454545,-11.570318181818182,T1027_AlphaFold_casp3,HMDB0000241,ASP,83,CA,6.1817308675317655,-7.6,8.693318181818183,-17.983227272727277,-11.584045454545453
T1027_AlphaFold_casp2,HMDB0000248,MET,43,CA,5.7403690338443205,-7.0,3.201111111111112,-3.7551851851851854,2.8209259259259256,T1027_AlphaFold_casp3,HMDB0000248,MET,43,CA,9.470246204229554,-5.9,2.5395185185185194,1.8192592592592591,1.9925925925925925
T1027_AlphaFold_casp2,HMDB0000253,LEU,131,CA,4.873512417800774,-9.4,1.7669166666666667,1.2011666666666667,1.807958333333333,T1027_AlphaFold_casp3,HMDB0000253,LEU,131,CA,4.885667287281636,-9.4,1.7265,1.2264166666666665,1.8032916666666665
T1027_AlphaFold_casp2,HMDB0000256,LEU,131,CA,5.712458015211627,-8.4,2.7024333333333335,-1.3442333333333332,2.2980000000000005,T1027_AlphaFold_casp3,HMDB0000256,LEU,131,CA,7.117210992610331,-8.9,1.755933333333334,-3.038233333333333,2.6972333333333336
T1027_AlphaFold_casp2,HMDB0000265,LEU,131,CA,6.55358721590195,-7.1,3.53862962962963,-1.5329999999999997,1.0993333333333333,T1027_AlphaFold_casp3,HMDB0000265,LEU,131,CA,5.823750523780815,-6.9,4.290074074074075,-0.780814814814815,1.4121111111111115
T1027_AlphaFold_casp2,HMDB0000268,LEU,131,CA,5.1056220982564,-8.1,4.270642857142857,-0.1689285714285714,1.8388571428571425,T1027_AlphaFold_casp3,HMDB0000268,LEU,131,CA,8.917027346470576,-8.9,1.727107142857143,-5.16517857142857,2.9411071428571423
T1027_AlphaFold_casp2,HMDB0000269,LEU,131,CA,4.801445160130402,-6.0,3.443423076923077,2.1794999999999995,1.110653846153846,T1027_AlphaFold_casp3,HMDB0000269,LEU,131,CA,4.280253063254901,-5.5,2.886769230769232,1.8742307692307694,1.810423076923077
T1027_AlphaFold_casp2,HMDB0000277,LEU,131,CA,4.893430454675365,-6.6,4.091793103448275,0.44913793103448285,1.6519655172413799,T1027_AlphaFold_casp3,HMDB0000277,LEU,131,CA,4.737157234658142,-6.5,4.000172413793105,0.7022413793103449,1.68151724137931
T1027_AlphaFold_casp2,HMDB0000280,LEU,131,CA,5.4060544115229945,-5.9,4.442916666666666,-0.8160000000000002,2.0355416666666666,T1027_AlphaFold_casp3,HMDB0000280,LEU,131,CA,6.130279739884316,-5.6,3.3415000000000012,-1.2144166666666667,1.400125
T1027_AlphaFold_casp2,HMDB0000285,LEU,131,CA,6.239315598344277,-7.3,1.7060312499999997,-1.4650937500000003,2.03503125,T1027_AlphaFold_casp3,HMDB0000285,LEU,131,CA,4.839793183351659,-7.4,3.2108437499999996,1.03171875,1.44928125
T1027_AlphaFold_casp2,HMDB0000286,LEU,57,CA,5.867428301286769,-7.9,2.407860465116279,-3.3778837209302326,2.5039767441860463,T1027_AlphaFold_casp3,HMDB0000286,LEU,57,CA,7.434942040092505,-7.3,4.211093023255814,-4.448162790697674,1.7291860465116278
T1027_AlphaFold_casp2,HMDB0000288,LEU,131,CA,4.98254137119051,-6.7,2.730166666666667,1.432791666666667,1.230833333333333,T1027_AlphaFold_casp3,HMDB0000288,LEU,131,CA,5.071110117411835,-6.7,2.6162916666666667,1.5237916666666667,1.1343333333333334
T1027_AlphaFold_casp2,HMDB0000290,MET,43,CA,6.288503775682058,-7.3,3.050282608695652,-5.606891304347825,1.1582826086956521,T1027_AlphaFold_casp3,HMDB0000290,MET,43,CA,5.987102532478004,-8.0,3.8685434782608694,-2.1738478260869565,1.9312608695652174
T1027_AlphaFold_casp2,HMDB0000295,MET,43,CA,4.114516150850819,-7.0,5.776607142857143,-2.6335714285714285,2.429821428571429,T1027_AlphaFold_casp3,HMDB0000295,MET,43,CA,5.919593512399378,-6.8,5.016642857142858,-1.1215714285714289,1.5895714285714289
T1027_AlphaFold_casp2,HMDB0000302,SER,61,CA,5.218551796617057,-7.1,1.6155348837209302,-5.226976744186046,1.482441860465116,T1027_AlphaFold_casp3,HMDB0000302,SER,61,CA,7.699359834949707,-7.9,3.61193023255814,-3.5450232558139545,2.0510465116279066
T1027_AlphaFold_casp2,HMDB0000308,LEU,57,CA,4.8362706498364405,-9.8,1.7121071428571428,-5.250035714285714,2.6230000000000007,T1027_AlphaFold_casp3,HMDB0000308,LEU,57,CA,4.832869604703962,-9.8,1.6973214285714289,-5.3051071428571435,2.6064642857142863
T1027_AlphaFold_casp2,HMDB0000315,LEU,57,CA,5.355824269293224,-8.7,2.1543846153846156,-4.327384615384616,2.554,T1027_AlphaFold_casp3,HMDB0000315,LEU,57,CA,5.343512993706044,-8.7,2.1696538461538464,-4.351,2.5836153846153844
T1027_AlphaFold_casp2,HMDB0000319,LEU,131,CA,5.68532973745089,-8.5,4.127241379310345,-0.909448275862069,1.7015862068965522,T1027_AlphaFold_casp3,HMDB0000319,LEU,131,CA,5.682551170677847,-8.5,4.176137931034482,-0.8952413793103449,1.6953793103448278
T1027_AlphaFold_casp2,HMDB0000326,LEU,131,CA,6.0419577144695,-8.5,3.9236249999999995,-1.2938125,1.5706875,T1027_AlphaFold_casp3,HMDB0000326,LEU,131,CA,8.558474214477883,-8.3,2.5633125,-4.5692812499999995,2.042875000000001
T1027_AlphaFold_casp2,HMDB0000332,LEU,57,CA,4.802313705797331,-8.5,1.8129333333333333,-6.698866666666666,2.9748,T1027_AlphaFold_casp3,HMDB0000332,LEU,57,CA,4.780236543310383,-8.5,1.7912666666666666,-6.718433333333334,2.991533333333334
T1027_AlphaFold_casp2,HMDB0000352,LEU,131,CA,5.096176076304119,-8.7,3.838500000000001,0.7876250000000001,1.2312083333333332,T1027_AlphaFold_casp3,HMDB0000352,LEU,131,CA,5.127940340469716,-8.6,3.8877916666666663,0.7947083333333333,1.192583333333333
T1027_AlphaFold_casp2,HMDB0000359,LEU,57,CA,5.227029898092756,-9.8,1.0768787878787878,-2.9634545454545456,2.434030303030302,T1027_AlphaFold_casp3,HMDB0000359,LEU,57,CA,5.262221879517678,-9.8,1.1086363636363632,-2.901060606060606,2.456060606060606
T1027_AlphaFold_casp2,HMDB0000363,LEU,131,CA,5.623916599808148,-8.7,1.5445000000000004,-0.6381153846153846,2.2143461538461535,T1027_AlphaFold_casp3,HMDB0000363,LEU,131,CA,5.613907390125994,-8.6,1.5836923076923075,-0.5960000000000002,2.1631153846153848
T1027_AlphaFold_casp2,HMDB0000374,MET,43,CA,5.642957009370176,-8.8,3.76764,-2.6235999999999997,2.6834,T1027_AlphaFold_casp3,HMDB0000374,MET,43,CA,6.155033437439638,-9.2,2.54908,-5.06464,3.1754000000000002
T1027_AlphaFold_casp2,HMDB0000380,LEU,131,CA,4.322324346769983,-9.3,2.5518333333333336,1.320625,2.0620833333333333,T1027_AlphaFold_casp3,HMDB0000380,LEU,131,CA,4.792086703691249,-9.0,2.616708333333333,1.777,1.3603749999999994
T1027_AlphaFold_casp2,HMDB0000405,LEU,131,CA,5.9587560115229685,-8.9,0.736875,-0.09054166666666714,1.8002500000000001,T1027_AlphaFold_casp3,HMDB0000405,LEU,131,CA,4.879628777575651,-8.7,4.147833333333332,0.1982499999999999,1.8365
T1027_AlphaFold_casp2,HMDB0000416,MET,43,CA,5.226573990916115,-8.1,3.7157241379310344,-4.52651724137931,2.3704482758620693,T1027_AlphaFold_casp3,HMDB0000416,MET,43,CA,6.813020877031569,-8.7,2.073206896551724,-3.8152068965517243,2.794620689655172
T1027_AlphaFold_casp2,HMDB0000418,LEU,57,CA,4.616078312766604,-8.4,1.551483870967742,-6.752516129032258,2.9788064516129027,T1027_AlphaFold_casp3,HMDB0000418,LEU,57,CA,4.5817266212014,-8.4,1.537838709677419,-6.739258064516127,3.012354838709677
T1027_AlphaFold_casp2,HMDB0000430,LEU,57,CA,5.444465749419532,-9.8,1.7649696969696969,-3.10278787878788,2.6570909090909094,T1027_AlphaFold_casp3,HMDB0000430,LEU,57,CA,5.339311398426429,-9.7,1.6638484848484845,-3.040696969696971,2.772060606060605
T1027_AlphaFold_casp2,HMDB0000449,LEU,131,CA,6.010697370636585,-9.3,1.8770357142857146,-1.383107142857143,2.219892857142857,T1027_AlphaFold_casp3,HMDB0000449,LEU,131,CA,6.084735545143827,-9.4,1.8164285714285708,-1.4823214285714286,2.251714285714286
T1027_AlphaFold_casp2,HMDB0000489,LEU,131,CA,4.491293464977946,-6.7,3.6209032258064515,1.4204516129032252,1.6249677419354835,T1027_AlphaFold_casp3,HMDB0000489,LEU,131,CA,4.197172889866436,-6.9,3.32358064516129,1.7176774193548388,1.862709677419355
T1027_AlphaFold_casp2,HMDB0000494,LEU,57,CA,5.808411602263663,-10.1,2.0177096774193544,-3.024548387096774,2.387387096774193,T1027_AlphaFold_casp3,HMDB0000494,LEU,57,CA,5.826230410840969,-10.1,2.0194193548387096,-3.005935483870967,2.3733225806451608
T1027_AlphaFold_casp2,HMDB0000496,LEU,60,CA,5.392674589972339,-6.8,0.7792333333333334,-1.4534666666666667,1.8698333333333337,T1027_AlphaFold_casp3,HMDB0000496,LEU,60,CA,10.024098631797274,-7.3,4.001566666666665,2.250733333333334,1.081233333333333
T1027_AlphaFold_casp2,HMDB0000501,LEU,57,CA,6.138362864351084,-9.7,1.8495666666666666,-1.9371999999999996,2.6186000000000003,T1027_AlphaFold_casp3,HMDB0000501,LEU,57,CA,6.055486389951586,-9.8,1.6050333333333329,-1.9408666666666667,2.502
T1027_AlphaFold_casp2,HMDB0000518,LEU,57,CA,5.779005499410968,-8.8,2.6426666666666665,-4.293033333333335,2.4845,T1027_AlphaFold_casp3,HMDB0000518,LEU,57,CA,7.100376952904214,-7.7,3.214366666666666,-2.3856333333333333,2.074733333333333
T1027_AlphaFold_casp2,HMDB0000526,LEU,131,CA,5.598640891224306,-9.1,1.9937666666666667,-1.1584666666666665,2.5722999999999994,T1027_AlphaFold_casp3,HMDB0000526,LEU,131,CA,5.597615874042567,-9.1,1.9840333333333333,-1.1719666666666666,2.597066666666667
T1027_AlphaFold_casp2,HMDB0000534,LEU,57,CA,5.415364618892762,-10.3,1.8309333333333335,-3.1358000000000006,2.757666666666667,T1027_AlphaFold_casp3,HMDB0000534,LEU,57,CA,5.413446404504661,-10.4,1.9011,-3.210066666666668,2.7873999999999994
T1027_AlphaFold_casp2,HMDB0000538,MET,43,CA,4.885643724302491,-7.3,4.852114285714287,-2.518114285714286,2.3729428571428577,T1027_AlphaFold_casp3,HMDB0000538,MET,43,CA,5.284533616245097,-7.7,3.6952,-3.9969428571428574,2.5414285714285714
T1027_AlphaFold_casp2,HMDB0000550,LEU,131,CA,5.094763996732333,-9.3,2.5092000000000003,-0.43932000000000015,2.3154,T1027_AlphaFold_casp3,HMDB0000550,LEU,131,CA,5.014523637595102,-9.3,2.5300799999999994,-0.40484000000000014,2.3902
T1027_AlphaFold_casp2,HMDB0000561,ARG,76,CA,5.033512803760909,-9.2,5.173625000000001,-3.754550000000001,-4.589050000000001,T1027_AlphaFold_casp3,HMDB0000561,ARG,76,CA,8.76290025366174,-9.0,-1.9975500000000004,-6.135049999999999,-1.4162249999999998
T1027_AlphaFold_casp2,HMDB0000569,LEU,131,CA,5.6851364519982575,-7.2,3.2847631578947363,-1.4519210526315782,2.332684210526316,T1027_AlphaFold_casp3,HMDB0000569,LEU,131,CA,5.77210659142484,-7.0,3.1282105263157898,-1.482605263157895,2.2595
T1027_AlphaFold_casp2,HMDB0000570,ALA,115,CA,5.18297787168728,-7.0,-13.354820000000002,8.621939999999999,2.55868,T1027_AlphaFold_casp3,HMDB0000570,ALA,115,CA,5.257095389433217,-7.0,-13.2651,8.806599999999996,2.541940000000001
T1027_AlphaFold_casp2,HMDB0000572,LEU,131,CA,6.177157160404766,-7.3,2.947081632653062,-2.2084693877551023,2.6281020408163265,T1027_AlphaFold_casp3,HMDB0000572,LEU,131,CA,6.232587603100393,-7.1,2.8643061224489808,-2.195632653061225,2.5260408163265313
T1027_AlphaFold_casp2,HMDB0000582,LEU,131,CA,5.972068745219962,-7.1,3.4324615384615393,-0.6871153846153846,1.1434230769230769,T1027_AlphaFold_casp3,HMDB0000582,LEU,131,CA,5.933610472274566,-7.1,3.462461538461538,-0.661076923076923,1.1693076923076924
T1027_AlphaFold_casp2,HMDB0000585,SER,61,CA,6.256485394492134,-6.3,2.7681739130434786,-7.144478260869567,1.4824347826086952,T1027_AlphaFold_casp3,HMDB0000585,SER,61,CA,20.766785149116945,-5.6,10.249652173913045,-16.798347826086957,-11.910239130434782
T1027_AlphaFold_casp2,HMDB0000600,LEU,131,CA,4.427034502538542,-6.1,3.5914666666666677,1.9196333333333337,1.5380333333333331,T1027_AlphaFold_casp3,HMDB0000600,LEU,131,CA,4.2621045658219145,-6.2,3.7808666666666673,1.810033333333333,1.7306666666666666
T1027_AlphaFold_casp2,HMDB0000601,LEU,57,CA,5.569234761854905,-9.3,2.031857142857143,-3.340342857142858,2.5807428571428574,T1027_AlphaFold_casp3,HMDB0000601,LEU,57,CA,5.566692531366853,-9.3,2.0033428571428566,-3.321857142857144,2.564171428571428
T1027_AlphaFold_casp2,HMDB0000610,LYS,34,CA,4.250399701333454,-6.1,11.704914893617023,-15.50095744680851,-10.099127659574467,T1027_AlphaFold_casp3,HMDB0000610,LYS,34,CA,14.338103513188614,-8.4,2.1815106382978726,-3.819787234042553,0.662531914893617
T1027_AlphaFold_casp2,HMDB0000619,LEU,57,CA,5.898831274190439,-8.4,2.3613437499999996,-3.2631562499999998,2.46809375,T1027_AlphaFold_casp3,HMDB0000619,LEU,57,CA,5.932612224118294,-8.4,2.3674375,-3.1972187499999993,2.4627499999999993
T1027_AlphaFold_casp2,HMDB0000626,LEU,60,CA,6.105553304710939,-8.8,1.6501333333333335,-1.8936666666666675,1.746166666666667,T1027_AlphaFold_casp3,HMDB0000626,LEU,60,CA,6.272693838907386,-8.9,1.9476666666666664,-3.890966666666667,2.5484666666666675
T1027_AlphaFold_casp2,HMDB0000631,LEU,57,CA,5.452003170526277,-9.3,1.917457142857143,-2.9924285714285714,2.918514285714285,T1027_AlphaFold_casp3,HMDB0000631,LEU,57,CA,6.761015334328152,-7.7,2.1188857142857147,-6.101,0.42222857142857134
T1027_AlphaFold_casp2,HMDB0000637,LEU,57,CA,5.49983198889952,-9.6,2.053085714285714,-3.1047142857142855,2.9096,T1027_AlphaFold_casp3,HMDB0000637,LEU,57,CA,5.514138765917658,-9.7,2.0877714285714286,-3.1170857142857145,2.918685714285715
T1027_AlphaFold_casp2,HMDB0000643,LYS,34,CA,6.411078256455777,-6.8,13.618419999999999,-17.921980000000005,-8.037560000000001,T1027_AlphaFold_casp3,HMDB0000643,LYS,34,CA,6.338734182027204,-6.7,13.652120000000007,-17.76668,-8.16856
T1027_AlphaFold_casp2,HMDB0000651,LEU,131,CA,4.674953597020779,-6.3,2.8058181818181818,1.5044090909090906,1.5215454545454548,T1027_AlphaFold_casp3,HMDB0000651,LEU,131,CA,19.54993514367505,-4.1,6.3258636363636365,-4.106772727272728,-12.223227272727273
T1027_AlphaFold_casp2,HMDB0000653,LEU,57,CA,5.754311323742128,-9.9,2.6724375,-4.63521875,2.4520937499999995,T1027_AlphaFold_casp3,HMDB0000653,LEU,57,CA,5.78529993803665,-9.9,2.7186875,-4.6407187500000004,2.459906250000001
T1027_AlphaFold_casp2,HMDB0000656,LEU,131,CA,4.9536283208598215,-6.2,4.044771428571428,-0.15171428571428563,2.003914285714286,T1027_AlphaFold_casp3,HMDB0000656,LEU,131,CA,4.975923165789112,-6.1,3.991285714285715,-0.02602857142857152,1.8734285714285712
T1027_AlphaFold_casp2,HMDB0000658,LYS,34,CA,4.521069366891746,-6.2,11.933222222222225,-16.468555555555554,-9.203466666666671,T1027_AlphaFold_casp3,HMDB0000658,LYS,34,CA,5.558456553245782,-5.5,10.510133333333336,-17.456555555555553,-10.96348888888889
T1027_AlphaFold_casp2,HMDB0000674,LYS,84,CA,7.411649123115145,-2.3,0.49052272727272733,-25.95129545454545,-0.672,T1027_AlphaFold_casp3,HMDB0000674,LYS,84,CA,8.516567683306397,-2.6,-4.280431818181819,-20.10490909090909,-1.357022727272727
T1027_AlphaFold_casp2,HMDB0000686,LEU,131,CA,4.717020401694273,-9.1,2.0707666666666666,0.9301666666666664,1.9817666666666673,T1027_AlphaFold_casp3,HMDB0000686,LEU,131,CA,8.851234881956053,-9.5,1.9011333333333333,-4.955500000000002,2.471966666666667
T1027_AlphaFold_casp2,HMDB0000693,SER,61,CA,4.79924537405943,-6.4,1.5394999999999999,-6.790642857142857,0.0175952380952382,T1027_AlphaFold_casp3,HMDB0000693,SER,61,CA,16.054473818044084,-5.7,5.880047619047618,-5.06861904761905,-13.228214285714287
T1027_AlphaFold_casp2,HMDB0000698,MET,43,CA,6.179926985669763,-9.1,3.110606060606061,-3.3257575757575757,1.9259696969696969,T1027_AlphaFold_casp3,HMDB0000698,MET,43,CA,7.722517251262791,-9.5,1.3783333333333336,-2.9112121212121216,2.6405454545454545
T1027_AlphaFold_casp2,HMDB0000708,MET,43,CA,5.908084309707525,-9.4,3.2349714285714293,-3.3985428571428575,2.382171428571428,T1027_AlphaFold_casp3,HMDB0000708,MET,43,CA,5.908841609393329,-9.4,3.2248571428571426,-3.3930285714285717,2.4201714285714284
T1027_AlphaFold_casp2,HMDB0000722,MET,43,CA,5.554409622442114,-9.0,3.7722571428571428,-3.101685714285715,2.2740571428571426,T1027_AlphaFold_casp3,HMDB0000722,MET,43,CA,5.640760267472997,-9.1,3.671742857142857,-3.1080857142857146,2.273514285714286
T1027_AlphaFold_casp2,HMDB0000733,LEU,131,CA,4.628980268434459,-9.8,1.8766666666666665,1.0931,2.102066666666667,T1027_AlphaFold_casp3,HMDB0000733,LEU,131,CA,4.599953045774852,-9.8,1.8739333333333332,1.0971333333333333,2.1376333333333335
T1027_AlphaFold_casp2,HMDB0000737,LYS,33,CA,6.622188245892242,-5.4,15.867593220338987,-13.549796610169489,-11.001355932203392,T1027_AlphaFold_casp3,HMDB0000737,LYS,33,CA,9.57932670134675,-5.5,16.03771186440678,-16.186169491525426,-5.4859152542372875
T1027_AlphaFold_casp2,HMDB0000739,LYS,34,CA,5.47433166722954,-5.5,12.695632653061224,-17.52708163265306,-7.262714285714286,T1027_AlphaFold_casp3,HMDB0000739,LYS,34,CA,16.43058777472899,-7.0,3.778959183673469,-1.127816326530612,2.1034693877551023
T1027_AlphaFold_casp2,HMDB0000757,SER,61,CA,4.653850607370778,-6.9,1.2665762711864403,-7.141627118644068,0.7789322033898304,T1027_AlphaFold_casp3,HMDB0000757,SER,61,CA,9.14653902250485,-6.9,3.599694915254237,-0.5761186440677966,1.831
T1027_AlphaFold_casp2,HMDB0000760,LEU,57,CA,5.5212342101313725,-8.8,2.2047499999999998,-4.292999999999999,2.362625,T1027_AlphaFold_casp3,HMDB0000760,LEU,57,CA,5.528924200373574,-8.8,2.2381562499999994,-4.3319374999999996,2.3751875
T1027_AlphaFold_casp2,HMDB0000761,LEU,57,CA,5.269037249535231,-9.8,2.3204999999999996,-4.101035714285715,3.0269999999999997,T1027_AlphaFold_casp3,HMDB0000761,LEU,57,CA,6.418387130612983,-8.6,3.283571428571428,-3.8497500000000002,2.4454285714285713
T1027_AlphaFold_casp2,HMDB0000774,LEU,57,CA,5.318190822851122,-9.7,2.092481481481481,-3.753703703703704,2.820222222222221,T1027_AlphaFold_casp3,HMDB0000774,LEU,57,CA,5.31941018600966,-9.8,2.090407407407407,-3.754925925925924,2.814666666666667
T1027_AlphaFold_casp2,HMDB0000797,MET,43,CA,4.993584137548451,-7.2,4.311999999999999,-3.330971428571429,2.2916285714285713,T1027_AlphaFold_casp3,HMDB0000797,MET,43,CA,4.986951469994633,-7.2,4.331428571428572,-3.3009999999999993,2.2937428571428575
T1027_AlphaFold_casp2,HMDB0000801,LEU,131,CA,4.5963583914670885,-7.2,3.3978181818181823,1.3453636363636365,1.5595454545454543,T1027_AlphaFold_casp3,HMDB0000801,LEU,131,CA,6.8585224341208395,-6.4,0.9206818181818179,-2.002863636363636,2.1676363636363636
T1027_AlphaFold_casp2,HMDB0000814,GLY,32,CA,4.963675812809414,-5.7,6.743347826086955,-5.350434782608695,-10.257217391304348,T1027_AlphaFold_casp3,HMDB0000814,GLY,32,CA,4.950525294348176,-5.7,6.773826086956523,-5.427782608695653,-10.154782608695653
T1027_AlphaFold_casp2,HMDB0000825,SER,61,CA,3.8131580977382913,-6.0,0.059090909090908854,-7.989254545454545,-1.0570727272727276,T1027_AlphaFold_casp3,HMDB0000825,SER,61,CA,5.385868507385134,-6.3,1.7786,-5.078563636363637,1.4206545454545454
T1027_AlphaFold_casp2,HMDB0000848,LYS,33,CA,5.403943318540633,-3.9,7.066299999999999,-15.081499999999995,-13.553499999999998,T1027_AlphaFold_casp3,HMDB0000848,LYS,33,CA,14.390088013243313,-4.1,-0.8760666666666672,-9.458633333333333,-1.0456999999999999
T1027_AlphaFold_casp2,HMDB0000851,LEU,131,CA,5.997715567353541,-7.0,3.306325000000001,-2.0720750000000003,2.6678749999999996,T1027_AlphaFold_casp3,HMDB0000851,LEU,131,CA,5.502694086252206,-7.0,3.1717249999999995,-1.0586749999999998,2.170275
T1027_AlphaFold_casp2,HMDB0000874,MET,43,CA,5.581795240807342,-10.0,3.7442432432432433,-3.05127027027027,2.3267567567567564,T1027_AlphaFold_casp3,HMDB0000874,MET,43,CA,5.639097707433435,-10.0,3.6771621621621606,-3.0469999999999993,2.338189189189189
T1027_AlphaFold_casp2,HMDB0000876,LEU,57,CA,5.5381757507016625,-10.1,2.1633103448275857,-2.911068965517241,3.166689655172414,T1027_AlphaFold_casp3,HMDB0000876,LEU,57,CA,5.5659183877780185,-10.1,2.2134827586206893,-2.958137931034483,3.1386206896551734
T1027_AlphaFold_casp2,HMDB0000878,LEU,57,CA,5.290954275931705,-11.1,1.8420999999999998,-3.495699999999999,2.7215000000000007,T1027_AlphaFold_casp3,HMDB0000878,LEU,57,CA,6.440730233961571,-9.5,1.8245333333333336,-2.875333333333333,1.3361333333333332
T1027_AlphaFold_casp2,HMDB0000879,LEU,131,CA,5.379633186005932,-9.0,4.026307692307692,-0.7034230769230767,1.9224999999999999,T1027_AlphaFold_casp3,HMDB0000879,LEU,131,CA,5.397516245854232,-9.0,3.9671923076923057,-0.738923076923077,1.9296538461538462
T1027_AlphaFold_casp2,HMDB0000885,LYS,33,CA,5.456120296454498,-5.0,11.132266666666665,-16.460977777777778,-11.639866666666666,T1027_AlphaFold_casp3,HMDB0000885,LYS,33,CA,8.504044470604834,-5.4,13.883911111111107,-16.889888888888887,-5.879066666666667
T1027_AlphaFold_casp2,HMDB0000896,MET,43,CA,5.7339260804300896,-8.0,3.6857837837837844,-3.9039729729729724,1.389756756756757,T1027_AlphaFold_casp3,HMDB0000896,MET,43,CA,6.7960153644753865,-7.9,2.4044324324324324,-3.2995135135135136,2.0322432432432436
T1027_AlphaFold_casp2,HMDB0000900,MET,43,CA,5.282802714679227,-10.1,4.2940000000000005,-2.6836333333333333,2.2744333333333335,T1027_AlphaFold_casp3,HMDB0000900,MET,43,CA,5.268646851896603,-10.1,4.314333333333334,-2.6716333333333333,2.283733333333333
T1027_AlphaFold_casp2,HMDB0000902,MET,43,CA,6.351121606059485,-8.2,3.5283653846153844,-4.489134615384615,0.280942307692308,T1027_AlphaFold_casp3,HMDB0000902,MET,43,CA,6.992969123694229,-8.3,3.0643269230769232,-4.641884615384615,-0.19778846153846177
T1027_AlphaFold_casp2,HMDB0000903,LEU,57,CA,5.433869281625927,-8.7,2.625827586206897,-4.949,2.8671724137931025,T1027_AlphaFold_casp3,HMDB0000903,LEU,57,CA,5.4506248037712455,-8.7,2.6658275862068965,-4.930689655172415,2.9010689655172412
T1027_AlphaFold_casp2,HMDB0000907,LEU,57,CA,5.163863849622699,-10.2,1.6036129032258062,-3.4764516129032264,2.6742903225806454,T1027_AlphaFold_casp3,HMDB0000907,LEU,57,CA,5.178424851312104,-10.2,1.6073870967741937,-3.470322580645161,2.6589032258064518
T1027_AlphaFold_casp2,HMDB0000908,LEU,131,CA,4.5710198486332665,-10.3,2.083379310344828,1.1858965517241378,2.0234827586206894,T1027_AlphaFold_casp3,HMDB0000908,LEU,131,CA,6.152079502164391,-9.3,3.8636551724137917,-1.8030689655172414,1.9762068965517239
T1027_AlphaFold_casp2,HMDB0000912,LEU,131,CA,6.231640621755211,-7.2,3.778064516129032,-1.7677419354838706,1.8088387096774197,T1027_AlphaFold_casp3,HMDB0000912,LEU,131,CA,7.68607378665481,-6.9,2.8575483870967733,-3.9919032258064524,2.7895161290322585
T1027_AlphaFold_casp2,HMDB0000917,LEU,131,CA,5.916931195267631,-8.8,4.2679374999999995,-1.2086249999999994,1.6815000000000007,T1027_AlphaFold_casp3,HMDB0000917,LEU,131,CA,5.8770693733310075,-8.8,4.397124999999999,-1.1168125000000002,1.6606562499999993
T1027_AlphaFold_casp2,HMDB0000918,LYS,34,CA,5.247787492531713,-5.2,11.338914893617018,-17.112787234042553,-10.405297872340427,T1027_AlphaFold_casp3,HMDB0000918,LYS,34,CA,15.054194183731754,-8.8,-0.19053191489361698,-4.1747021276595735,-0.04514893617021276
T1027_AlphaFold_casp2,HMDB0000921,LEU,60,CA,5.808041111889443,-10.7,1.1391428571428572,-1.2370714285714288,2.3458214285714285,T1027_AlphaFold_casp3,HMDB0000921,LEU,60,CA,5.81056930563712,-10.8,1.1055714285714286,-1.142107142857143,2.3258214285714294
T1027_AlphaFold_casp2,HMDB0000939,LEU,57,CA,5.539845372991694,-6.6,1.4477878787878788,-2.9946969696969696,2.2612727272727278,T1027_AlphaFold_casp3,HMDB0000939,LEU,57,CA,5.550265712333267,-6.6,1.3843636363636365,-2.9005757575757576,2.2567272727272725
T1027_AlphaFold_casp2,HMDB0000944,ALA,115,CA,6.772350421577347,-3.4,-11.34125,11.733458333333331,1.3094583333333334,T1027_AlphaFold_casp3,HMDB0000944,ALA,115,CA,26.854422960698358,-4.2,11.530041666666664,-6.057208333333333,-9.474083333333333
T1027_AlphaFold_casp2,HMDB0000946,LEU,57,CA,5.922786617519382,-9.1,2.610333333333334,-3.2605333333333344,2.759233333333333,T1027_AlphaFold_casp3,HMDB0000946,LEU,57,CA,5.88617534312392,-9.1,2.614733333333333,-3.3097333333333325,2.7988333333333335
T1027_AlphaFold_casp2,HMDB0000949,ALA,15,CA,4.758081355733399,-7.8,2.4842999999999997,-9.075933333333333,0.3576,T1027_AlphaFold_casp3,HMDB0000949,ALA,15,CA,4.8122426043720345,-7.8,2.4278333333333335,-9.007366666666666,0.4457666666666665
T1027_AlphaFold_casp2,HMDB0000950,LYS,34,CA,6.285087429160192,-3.9,12.377041666666665,-18.54402083333333,-5.970729166666666,T1027_AlphaFold_casp3,HMDB0000950,LYS,34,CA,5.3157710483153435,-3.8,8.524645833333329,-14.666437499999999,-12.57552083333333
T1027_AlphaFold_casp2,HMDB0000951,LEU,57,CA,6.18690937126915,-8.1,2.444216216216216,-3.8333513513513515,1.7847837837837839,T1027_AlphaFold_casp3,HMDB0000951,LEU,57,CA,6.867755670865955,-8.2,2.5128108108108114,-2.639459459459459,1.4707567567567565
T1027_AlphaFold_casp2,HMDB0000961,LEU,131,CA,6.171927421718302,-7.4,1.9491666666666665,-1.812458333333333,2.464166666666667,T1027_AlphaFold_casp3,HMDB0000961,LEU,131,CA,4.572409511360869,-8.0,2.1867916666666667,2.019833333333334,1.6837083333333334
T1027_AlphaFold_casp2,HMDB0000975,GLY,32,CA,4.291461172346373,-5.8,6.534193548387097,-5.378032258064517,-12.201290322580643,T1027_AlphaFold_casp3,HMDB0000975,GLY,32,CA,17.580923644346605,-6.4,4.683451612903226,0.8549999999999995,1.1588709677419353
T1027_AlphaFold_casp2,HMDB0000998,MET,43,CA,4.695452118296311,-6.9,4.762903225806451,-3.0625161290322587,2.358354838709677,T1027_AlphaFold_casp3,HMDB0000998,MET,43,CA,4.747342873216478,-6.9,4.718258064516129,-3.0244193548387095,2.3641290322580653
T1027_AlphaFold_casp2,HMDB0001000,LEU,131,CA,4.941832858662724,-6.9,3.419653846153847,1.0458076923076922,1.3049999999999997,T1027_AlphaFold_casp3,HMDB0001000,LEU,131,CA,4.713694873237785,-7.0,3.1157307692307694,1.3762307692307691,1.4609615384615382
T1027_AlphaFold_casp2,HMDB0001032,LEU,131,CA,4.725262553213313,-9.2,2.9798,1.65768,1.3791200000000001,T1027_AlphaFold_casp3,HMDB0001032,LEU,131,CA,4.722969543158203,-9.2,2.9745199999999996,1.66224,1.3812400000000002
T1027_AlphaFold_casp2,HMDB0001043,LEU,131,CA,4.618936290598905,-7.1,3.3471818181818183,0.9733636363636361,1.703863636363637,T1027_AlphaFold_casp3,HMDB0001043,LEU,131,CA,9.212082508453884,-5.6,2.3064545454545455,-5.4804545454545455,2.575045454545455
T1027_AlphaFold_casp2,HMDB0001045,ALA,47,CA,6.347245339631648,-9.4,2.8951041666666675,-2.8909999999999996,2.4916250000000004,T1027_AlphaFold_casp3,HMDB0001045,ALA,47,CA,6.180044980880948,-10.0,3.132958333333334,-2.8462083333333337,2.5849375
T1027_AlphaFold_casp2,HMDB0001056,MET,43,CA,6.092741980708709,-9.3,3.4519736842105266,-2.432500000000001,2.312473684210527,T1027_AlphaFold_casp3,HMDB0001056,MET,43,CA,6.150333097188411,-9.2,3.346631578947368,-2.424973684210526,2.4508684210526313
T1027_AlphaFold_casp2,HMDB0001058,LEU,131,CA,5.270209243361128,-5.2,4.7082173913043475,0.45891304347826084,1.2823913043478266,T1027_AlphaFold_casp3,HMDB0001058,LEU,131,CA,5.03455592885372,-5.2,2.9899130434782615,0.2394782608695651,1.7033478260869568
T1027_AlphaFold_casp2,HMDB0001060,SER,61,CA,4.526845950420997,-7.0,1.2284363636363635,-5.742163636363634,-0.5015272727272727,T1027_AlphaFold_casp3,HMDB0001060,SER,61,CA,21.74905269639908,-4.8,13.96718181818182,-18.160890909090913,-6.188618181818184
T1027_AlphaFold_casp2,HMDB0001062,LEU,131,CA,4.664320304971819,-6.3,1.572260869565218,2.114391304347826,1.8583478260869561,T1027_AlphaFold_casp3,HMDB0001062,LEU,131,CA,4.751421273586739,-6.3,1.4661739130434783,2.2099565217391306,1.798
T1027_AlphaFold_casp2,HMDB0001067,LEU,57,CA,4.889812084250443,-5.3,2.202608695652174,-5.348695652173913,3.1548695652173913,T1027_AlphaFold_casp3,HMDB0001067,LEU,57,CA,10.613986742365366,-6.2,4.384739130434782,1.6301304347826089,1.2327826086956521
T1027_AlphaFold_casp2,HMDB0001081,SER,61,CA,4.967358924209755,-7.5,1.4691551724137932,-7.396327586206901,1.1114137931034482,T1027_AlphaFold_casp3,HMDB0001081,SER,61,CA,21.571606934577055,-6.6,10.665120689655172,-17.96655172413793,-11.778724137931032
T1027_AlphaFold_casp2,HMDB0001085,LEU,131,CA,4.84857533534794,-7.1,2.8234999999999997,0.38423076923076926,1.8743076923076922,T1027_AlphaFold_casp3,HMDB0001085,LEU,131,CA,4.753336383391002,-7.4,2.0180384615384606,0.6369615384615384,2.134038461538462
T1027_AlphaFold_casp2,HMDB0001091,LEU,60,CA,5.874039517774591,-8.5,1.0534285714285712,-0.8508214285714287,1.9475714285714285,T1027_AlphaFold_casp3,HMDB0001091,LEU,60,CA,5.759205109860993,-8.5,0.9533571428571427,-0.9059642857142859,1.9986071428571424
T1027_AlphaFold_casp2,HMDB0001139,LEU,131,CA,5.9219145282456545,-6.9,2.022392857142857,-1.2040714285714285,2.079142857142857,T1027_AlphaFold_casp3,HMDB0001139,LEU,131,CA,4.819275635986413,-7.6,1.902321428571429,1.7283928571428573,1.6085714285714285
T1027_AlphaFold_casp2,HMDB0001155,SER,61,CA,5.219964930470918,-8.5,1.8736666666666668,-5.292140350877195,0.0357543859649121,T1027_AlphaFold_casp3,HMDB0001155,SER,61,CA,5.727582137345836,-8.6,2.337578947368421,-5.033649122807017,-0.042877192982455965
T1027_AlphaFold_casp2,HMDB0001160,LEU,131,CA,4.991703727426138,-5.7,3.5951199999999996,0.31623999999999997,1.6215199999999999,T1027_AlphaFold_casp3,HMDB0001160,LEU,131,CA,25.26450906662546,-3.5,-7.9228,7.72176,-16.018
T1027_AlphaFold_casp2,HMDB0001170,LEU,57,CA,5.370764819422,-10.2,1.9139655172413788,-3.354448275862069,2.7694827586206894,T1027_AlphaFold_casp3,HMDB0001170,LEU,57,CA,5.318225079296165,-10.2,1.8780000000000001,-3.3881724137931037,2.7924137931034476
T1027_AlphaFold_casp2,HMDB0001185,MET,43,CA,5.708732372669799,-6.4,3.5334999999999996,-3.0593529411764706,2.5353235294117655,T1027_AlphaFold_casp3,HMDB0001185,MET,43,CA,5.69818339328983,-6.6,3.1263235294117653,-4.424294117647058,2.7792941176470585
T1027_AlphaFold_casp2,HMDB0001191,LEU,57,CA,5.204368803440262,-6.8,1.7944000000000004,-4.476166666666665,2.3324333333333334,T1027_AlphaFold_casp3,HMDB0001191,LEU,57,CA,5.150425103167052,-7.1,1.2269666666666668,-3.704733333333333,2.201066666666667
T1027_AlphaFold_casp2,HMDB0001198,LYS,34,CA,5.78557484945178,-4.7,12.572795918367351,-17.272918367346943,-10.001326530612245,T1027_AlphaFold_casp3,HMDB0001198,LYS,34,CA,19.714432042111277,-4.1,-9.8335306122449,-8.654428571428573,-9.93163265306122
T1027_AlphaFold_casp2,HMDB0001201,LEU,131,CA,6.004465001410871,-6.9,3.937787878787878,-1.6392424242424242,2.00930303030303,T1027_AlphaFold_casp3,HMDB0001201,LEU,131,CA,6.602507543452009,-7.0,3.6567272727272737,-2.639121212121212,2.391878787878788
T1027_AlphaFold_casp2,HMDB0001220,SER,61,CA,4.674829405131078,-6.0,1.1135185185185184,-7.161370370370371,1.4240740740740743,T1027_AlphaFold_casp3,HMDB0001220,SER,61,CA,9.648530163475716,-6.9,3.6303703703703714,0.2575555555555556,1.4534074074074073
T1027_AlphaFold_casp2,HMDB0001244,LEU,131,CA,4.387605488602083,-7.4,3.0164166666666663,0.6014999999999994,2.2469999999999994,T1027_AlphaFold_casp3,HMDB0001244,LEU,131,CA,5.081131793247173,-6.8,2.477208333333333,-0.3464999999999998,2.2584166666666663
T1027_AlphaFold_casp2,HMDB0001248,SER,61,CA,5.382176079018184,-10.1,1.8897,-4.790633333333334,0.43543333333333306,T1027_AlphaFold_casp3,HMDB0001248,SER,61,CA,4.039002579089161,-8.7,0.6565333333333335,-5.695449999999998,0.7757833333333335
T1027_AlphaFold_casp2,HMDB0001251,LEU,57,CA,5.599729493065518,-10.9,2.085281249999999,-3.4612499999999993,2.5125625000000005,T1027_AlphaFold_casp3,HMDB0001251,LEU,57,CA,5.710410330319967,-10.8,2.1897499999999996,-3.382874999999999,2.50125
T1027_AlphaFold_casp2,HMDB0001262,MET,43,CA,5.57906102210713,-7.1,3.531,-4.009888888888891,2.070822222222222,T1027_AlphaFold_casp3,HMDB0001262,MET,43,CA,5.634290932854762,-7.0,3.4533999999999994,-4.016977777777777,2.1146666666666665
T1027_AlphaFold_casp2,HMDB0001273,MET,43,CA,5.56022189118221,-7.4,4.021027027027028,-2.502864864864865,2.3850270270270264,T1027_AlphaFold_casp3,HMDB0001273,MET,43,CA,5.9553735455639005,-7.5,2.8974594594594594,-4.338918918918919,2.665108108108108
T1027_AlphaFold_casp2,HMDB0001296,LYS,34,CA,6.342144827382211,-6.8,9.516779661016948,-17.96179661016949,-11.809847457627118,T1027_AlphaFold_casp3,HMDB0001296,LYS,34,CA,6.47135379588002,-6.7,9.30640677966102,-18.105813559322034,-11.857762711864408
T1027_AlphaFold_casp2,HMDB0001314,MET,43,CA,5.552512688414755,-7.7,3.826333333333334,-2.6450370370370373,2.8200740740740735,T1027_AlphaFold_casp3,HMDB0001314,MET,43,CA,5.556402656775782,-7.7,3.8212592592592594,-2.6286666666666663,2.8585185185185185
T1027_AlphaFold_casp2,HMDB0001341,MET,43,CA,5.4203754998923745,-7.0,4.148032258064515,-2.572096774193549,2.389967741935484,T1027_AlphaFold_casp3,HMDB0001341,MET,43,CA,5.328959065146033,-6.9,4.275741935483871,-2.5818064516129033,2.3279677419354834
T1027_AlphaFold_casp2,HMDB0001367,MET,43,CA,5.796820366627635,-5.3,4.157173913043478,-1.9066086956521742,2.2546956521739134,T1027_AlphaFold_casp3,HMDB0001367,MET,43,CA,7.491630649609611,-5.9,5.0202608695652176,0.8357391304347825,1.2829565217391306
T1027_AlphaFold_casp2,HMDB0001372,LEU,57,CA,5.719059943089691,-7.1,1.6971428571428573,-2.5225714285714287,2.6069999999999998,T1027_AlphaFold_casp3,HMDB0001372,LEU,57,CA,6.091021720176613,-7.2,1.9393214285714284,-2.0175357142857147,2.7237500000000003
T1027_AlphaFold_casp2,HMDB0001383,LEU,131,CA,4.652689261603618,-6.6,2.554724137931035,1.5942068965517242,1.5850689655172414,T1027_AlphaFold_casp3,HMDB0001383,LEU,131,CA,4.575265861426508,-6.3,3.796793103448276,0.7448965517241379,1.841551724137931
T1027_AlphaFold_casp2,HMDB0001396,LEU,60,CA,5.223983620934782,-8.5,0.8701282051282052,-2.459333333333334,2.2853589743589744,T1027_AlphaFold_casp3,HMDB0001396,LEU,60,CA,4.862524187297978,-8.8,0.4328974358974359,-2.186615384615384,2.4909230769230764
T1027_AlphaFold_casp2,HMDB0001397,LEU,131,CA,6.270020374909766,-7.1,3.559965517241379,-1.8595517241379318,1.8702413793103447,T1027_AlphaFold_casp3,HMDB0001397,LEU,131,CA,6.204710338737319,-6.9,3.396448275862069,-1.829379310344827,1.9532068965517242
T1027_AlphaFold_casp2,HMDB0001403,LEU,60,CA,5.454070419413165,-7.4,0.7343703703703703,-1.2187407407407407,2.558518518518519,T1027_AlphaFold_casp3,HMDB0001403,LEU,60,CA,7.829399965621473,-7.1,2.6132962962962956,0.4034074074074074,2.073888888888889
T1027_AlphaFold_casp2,HMDB0001419,MET,43,CA,5.659615111581201,-9.5,3.3420322580645165,-3.7047096774193546,2.6393548387096772,T1027_AlphaFold_casp3,HMDB0001419,MET,43,CA,5.654665249718002,-9.5,3.320645161290323,-3.733290322580646,2.7171935483870966
T1027_AlphaFold_casp2,HMDB0001420,LEU,57,CA,4.928590255938047,-9.7,0.8197575757575759,-2.815484848484849,2.8016363636363635,T1027_AlphaFold_casp3,HMDB0001420,LEU,57,CA,4.960900831563363,-9.7,0.9868787878787884,-2.847151515151515,2.8724848484848486
T1027_AlphaFold_casp2,HMDB0001425,LEU,57,CA,5.129092765172999,-8.3,1.9645416666666666,-4.237583333333334,2.7284583333333328,T1027_AlphaFold_casp3,HMDB0001425,LEU,57,CA,9.449255999610793,-9.0,2.8870416666666667,1.5506666666666664,1.9034999999999995
T1027_AlphaFold_casp2,HMDB0001438,MET,43,CA,6.118550462464026,-9.7,3.3120625000000006,-2.8796874999999993,2.0201875,T1027_AlphaFold_casp3,HMDB0001438,MET,43,CA,6.119671603538563,-9.7,3.3479374999999996,-2.842624999999999,1.9631249999999998
T1027_AlphaFold_casp2,HMDB0001442,LEU,57,CA,5.226635589922939,-7.2,1.3861111111111113,-2.8925555555555555,2.7864814814814816,T1027_AlphaFold_casp3,HMDB0001442,LEU,57,CA,5.044463921890934,-7.1,0.9746296296296295,-3.4649259259259257,2.276925925925926
T1027_AlphaFold_casp2,HMDB0001449,LEU,131,CA,4.606692036493999,-9.9,2.040875,1.1882083333333333,1.9995416666666666,T1027_AlphaFold_casp3,HMDB0001449,LEU,131,CA,8.056764987203472,-8.6,3.108041666666667,-4.515375,3.0145000000000004
T1027_AlphaFold_casp2,HMDB0001452,LEU,131,CA,5.993326506902757,-7.3,2.4366923076923075,-1.4456538461538462,2.0635,T1027_AlphaFold_casp3,HMDB0001452,LEU,131,CA,5.199116719190225,-7.1,2.505576923076923,0.48142307692307706,1.481384615384615
T1027_AlphaFold_casp2,HMDB0001455,LEU,57,CA,5.306592976417271,-9.6,2.4975,-4.6005416666666665,3.004375000000001,T1027_AlphaFold_casp3,HMDB0001455,LEU,57,CA,5.319159367651266,-9.6,2.527041666666666,-4.581541666666667,3.033000000000001
T1027_AlphaFold_casp2,HMDB0001471,LEU,57,CA,5.681476315318738,-8.6,2.982958333333334,-5.264625,2.9127499999999995,T1027_AlphaFold_casp3,HMDB0001471,LEU,57,CA,8.834481856347823,-8.9,1.2623333333333335,1.6736250000000001,1.932291666666667
T1027_AlphaFold_casp2,HMDB0001487,MET,43,CA,6.206212696992478,-8.9,2.9146538461538465,-3.826942307692308,2.0053846153846155,T1027_AlphaFold_casp3,HMDB0001487,MET,43,CA,11.461303913997904,-7.2,-1.0040192307692306,-9.18571153846154,-0.6846923076923075
T1027_AlphaFold_casp2,HMDB0001496,LEU,131,CA,6.061066360005921,-10.3,1.6771935483870966,-1.6692903225806452,2.634516129032258,T1027_AlphaFold_casp3,HMDB0001496,LEU,131,CA,5.973718448153946,-10.3,1.7351612903225804,-1.605258064516129,2.6671935483870963
T1027_AlphaFold_casp2,HMDB0001509,LEU,131,CA,4.490239320953704,-6.7,3.0425714285714283,1.1629642857142852,1.8082142857142853,T1027_AlphaFold_casp3,HMDB0001509,LEU,131,CA,4.671130235804494,-6.7,3.457607142857143,0.8271428571428571,1.7070714285714286
T1027_AlphaFold_casp2,HMDB0001517,LEU,131,CA,4.882009655017457,-6.5,4.943928571428572,0.5208214285714288,1.7568571428571427,T1027_AlphaFold_casp3,HMDB0001517,LEU,131,CA,4.8403942670731155,-6.4,4.966928571428572,0.5596071428571427,1.7894642857142862
T1027_AlphaFold_casp2,HMDB0001520,LEU,131,CA,5.188792417149668,-8.5,3.8062941176470586,-0.5607058823529414,2.047323529411765,T1027_AlphaFold_casp3,HMDB0001520,LEU,131,CA,5.829803180454497,-7.7,2.1717058823529416,-1.265441176470588,2.225441176470588
T1027_AlphaFold_casp2,HMDB0001532,LEU,131,CA,5.187890942795872,-7.6,4.209727272727274,0.32584848484848494,1.3896060606060603,T1027_AlphaFold_casp3,HMDB0001532,LEU,131,CA,5.25790330531516,-7.7,4.3000606060606055,0.30766666666666675,1.3265151515151516
T1027_AlphaFold_casp2,HMDB0001533,LEU,60,CA,5.58211926322222,-9.0,1.0861315789473687,-1.9082631578947375,2.7095263157894736,T1027_AlphaFold_casp3,HMDB0001533,LEU,60,CA,5.596084653775,-9.1,1.1159210526315788,-1.9548947368421052,2.6804736842105266
T1027_AlphaFold_casp2,HMDB0001546,LEU,131,CA,4.94102204028842,-7.0,2.5725172413793107,1.4007586206896554,1.3294482758620687,T1027_AlphaFold_casp3,HMDB0001546,LEU,131,CA,4.9151995066578635,-6.9,2.7117586206896553,1.5744482758620684,1.262
T1027_AlphaFold_casp2,HMDB0001547,LEU,131,CA,6.003154466960168,-8.5,4.396814814814815,-1.4240370370370368,1.7980000000000003,T1027_AlphaFold_casp3,HMDB0001547,LEU,131,CA,8.983525159087083,-9.1,2.214740740740741,-5.380629629629629,3.033925925925926
T1027_AlphaFold_casp2,HMDB0001562,LEU,57,CA,4.391040660324726,-8.4,1.0227999999999997,-4.4922,2.7417749999999996,T1027_AlphaFold_casp3,HMDB0001562,LEU,57,CA,6.605874952930158,-8.2,3.622650000000001,-4.895374999999998,2.2471749999999995
T1027_AlphaFold_casp2,HMDB0001830,LEU,131,CA,4.778954837053138,-10.0,3.669391304347826,0.7303478260869565,1.620869565217391,T1027_AlphaFold_casp3,HMDB0001830,LEU,131,CA,4.776565174847427,-10.0,3.6226956521739133,0.7502173913043478,1.6153478260869563
T1027_AlphaFold_casp2,HMDB0001846,LEU,57,CA,4.978287966584296,-8.5,0.6281538461538461,-2.434358974358974,2.931948717948718,T1027_AlphaFold_casp3,HMDB0001846,LEU,57,CA,5.111684061710539,-8.3,2.262051282051282,-5.014179487179487,2.898410256410257
T1027_AlphaFold_casp2,HMDB0001852,MET,43,CA,4.832539146160489,-7.9,4.028272727272728,-4.014772727272728,3.1278636363636365,T1027_AlphaFold_casp3,HMDB0001852,MET,43,CA,6.200306429877491,-7.7,2.721863636363636,-3.7004090909090905,2.872045454545454
T1027_AlphaFold_casp2,HMDB0001903,LEU,57,CA,6.141417418941843,-9.9,2.3345757575757573,-2.7254242424242423,2.417090909090909,T1027_AlphaFold_casp3,HMDB0001903,LEU,57,CA,6.176018125916059,-9.9,2.446999999999999,-2.781787878787879,2.4475757575757573
T1027_AlphaFold_casp2,HMDB0001976,LEU,131,CA,6.124949192958212,-6.9,2.451875,-2.093291666666666,2.7251250000000002,T1027_AlphaFold_casp3,HMDB0001976,LEU,131,CA,26.018279116732153,-4.0,14.401249999999997,-15.134916666666664,-9.576208333333335
T1027_AlphaFold_casp2,HMDB0001993,LEU,60,CA,5.511926067981036,-9.8,1.0402999999999996,-1.9076666666666666,2.4096666666666673,T1027_AlphaFold_casp3,HMDB0001993,LEU,60,CA,6.519500515121282,-9.9,2.218466666666666,-2.9714333333333323,2.4748333333333337
T1027_AlphaFold_casp2,HMDB0001999,LEU,131,CA,4.555298678643684,-7.3,3.3605,1.049,1.7367272727272727,T1027_AlphaFold_casp3,HMDB0001999,LEU,131,CA,4.615368736556178,-7.5,2.088590909090909,2.1059545454545456,1.6576363636363638
T1027_AlphaFold_casp2,HMDB0002014,SER,61,CA,5.5982816877171855,-5.6,2.088423076923077,-7.612846153846151,1.0901923076923086,T1027_AlphaFold_casp3,HMDB0002014,SER,61,CA,8.078687809592104,-6.7,1.1854230769230767,-0.10307692307692341,2.5219615384615386
T1027_AlphaFold_casp2,HMDB0002027,LEU,57,CA,5.365379267572697,-10.4,1.7935517241379315,-3.3127241379310344,2.666551724137931,T1027_AlphaFold_casp3,HMDB0002027,LEU,57,CA,5.359290080344544,-10.4,1.7717931034482761,-3.268206896551725,2.684103448275862
T1027_AlphaFold_casp2,HMDB0002088,LEU,60,CA,4.971547788606684,-6.2,0.6555599999999999,-2.7758799999999995,2.3439200000000007,T1027_AlphaFold_casp3,HMDB0002088,LEU,60,CA,5.3718052590167495,-6.1,1.0419200000000002,-3.6788800000000004,2.7048
T1027_AlphaFold_casp2,HMDB0002094,LEU,57,CA,5.5973824455984,-7.4,2.66260465116279,-4.3669302325581425,2.8041860465116275,T1027_AlphaFold_casp3,HMDB0002094,LEU,57,CA,6.897134501403382,-7.1,3.703558139534883,-3.11460465116279,2.6300465116279073
T1027_AlphaFold_casp2,HMDB0002098,SER,61,CA,4.859693436682994,-6.1,0.9218139534883724,-8.740558139534887,0.6783720930232559,T1027_AlphaFold_casp3,HMDB0002098,SER,61,CA,8.56397395617946,-6.4,2.927953488372093,-0.7056046511627906,1.803139534883721
T1027_AlphaFold_casp2,HMDB0002103,LEU,57,CA,5.291795863108839,-9.9,1.7340000000000002,-3.159483870967742,2.839354838709677,T1027_AlphaFold_casp3,HMDB0002103,LEU,57,CA,5.203247024035295,-9.8,1.57716129032258,-3.1207419354838715,2.842129032258064
T1027_AlphaFold_casp2,HMDB0002158,ASP,83,CA,6.58690930202523,-7.0,9.132711538461539,-18.529865384615384,-11.659884615384614,T1027_AlphaFold_casp3,HMDB0002158,ASP,83,CA,6.101337506388571,-6.6,7.812846153846153,-18.71523076923077,-12.35046153846154
T1027_AlphaFold_casp2,HMDB0002163,LEU,57,CA,5.10441558168568,-9.6,1.9330833333333333,-4.02225,2.832833333333333,T1027_AlphaFold_casp3,HMDB0002163,LEU,57,CA,5.161991780278276,-9.6,1.9779999999999995,-3.9550277777777776,2.8275
T1027_AlphaFold_casp2,HMDB0002177,HIS,62,CA,6.49941828197972,-4.2,-13.108363636363634,-4.883227272727273,-1.4070454545454547,T1027_AlphaFold_casp3,HMDB0002177,HIS,62,CA,12.947208872925993,-7.1,2.871,1.1739545454545457,2.0142272727272728
T1027_AlphaFold_casp2,HMDB0002181,ASP,83,CA,5.918763414187547,-4.7,8.150375000000004,-18.228049999999996,-11.812399999999998,T1027_AlphaFold_casp3,HMDB0002181,ASP,83,CA,8.363492943329653,-5.0,11.426149999999996,-16.482225000000003,-10.873299999999997
T1027_AlphaFold_casp2,HMDB0002183,LEU,131,CA,5.013180955754429,-6.8,2.264291666666667,0.6171666666666666,1.711875,T1027_AlphaFold_casp3,HMDB0002183,LEU,131,CA,4.683709318574626,-7.4,3.6222500000000006,0.9245000000000002,1.6302916666666665
T1027_AlphaFold_casp2,HMDB0002190,LEU,131,CA,4.745652497759355,-7.4,3.1363478260869564,1.2805652173913045,1.4594347826086957,T1027_AlphaFold_casp3,HMDB0002190,LEU,131,CA,4.522370305864486,-7.3,4.208347826086957,1.685521739130435,1.5089130434782612
T1027_AlphaFold_casp2,HMDB0002195,LEU,57,CA,5.732157791776758,-9.2,1.5222058823529412,-2.5366470588235295,2.3915588235294116,T1027_AlphaFold_casp3,HMDB0002195,LEU,57,CA,5.653048524031251,-9.7,1.687029411764706,-2.5812058823529407,2.656794117647059
T1027_AlphaFold_casp2,HMDB0002200,LEU,131,CA,5.428723088772117,-7.0,3.4709117647058823,-1.061705882352941,2.240470588235294,T1027_AlphaFold_casp3,HMDB0002200,LEU,131,CA,6.330050758595968,-7.0,2.2751764705882347,-2.1509411764705875,2.501794117647059
T1027_AlphaFold_casp2,HMDB0002226,ALA,15,CA,4.511980251885284,-5.7,0.9535,-9.572875,0.3726666666666665,T1027_AlphaFold_casp3,HMDB0002226,ALA,15,CA,13.634447603265068,-6.9,3.752791666666667,-0.24691666666666656,2.21975
T1027_AlphaFold_casp2,HMDB0002231,LEU,131,CA,4.571806761902982,-6.2,3.8037272727272726,1.2266818181818182,1.6087272727272721,T1027_AlphaFold_casp3,HMDB0002231,LEU,131,CA,4.757827836860705,-6.4,2.2396818181818188,1.222590909090909,1.7189545454545454
T1027_AlphaFold_casp2,HMDB0002232,LEU,131,CA,4.399177827249724,-6.9,3.5886956521739135,1.4882173913043477,1.700260869565217,T1027_AlphaFold_casp3,HMDB0002232,LEU,131,CA,4.600685031182168,-7.0,2.9527391304347823,0.7912608695652175,1.890521739130435
T1027_AlphaFold_casp2,HMDB0002250,LEU,131,CA,5.048975453859976,-6.0,3.1501666666666672,-0.0957499999999999,1.8974583333333337,T1027_AlphaFold_casp3,HMDB0002250,LEU,131,CA,19.743823453487934,-4.3,-12.75391666666667,-4.887166666666667,-1.3501666666666665
T1027_AlphaFold_casp2,HMDB0002265,TRP,143,CA,5.311932421472987,-4.5,10.321115384615382,-5.637615384615383,-10.513346153846154,T1027_AlphaFold_casp3,HMDB0002265,TRP,143,CA,15.800001620196907,-7.4,1.7569230769230773,1.155961538461538,2.263807692307693
T1027_AlphaFold_casp2,HMDB0002277,LEU,131,CA,4.658179639388338,-7.0,2.7215185185185184,0.5157777777777781,2.050777777777778,T1027_AlphaFold_casp3,HMDB0002277,LEU,131,CA,4.699922717748886,-7.1,2.887222222222223,-0.0013333333333331494,2.339148148148148
T1027_AlphaFold_casp2,HMDB0002283,LEU,131,CA,4.498454750232193,-6.9,3.6781739130434783,1.9165217391304348,1.460478260869565,T1027_AlphaFold_casp3,HMDB0002283,LEU,131,CA,4.892123178031797,-7.0,2.285173913043478,1.4047826086956519,1.4757391304347822
T1027_AlphaFold_casp2,HMDB0002311,LEU,131,CA,4.761085463880973,-7.0,2.7069230769230765,0.04361538461538473,2.2735769230769227,T1027_AlphaFold_casp3,HMDB0002311,LEU,131,CA,5.1349209799581335,-7.3,1.8425,1.2053461538461543,1.4568461538461541
T1027_AlphaFold_casp2,HMDB0002314,LEU,131,CA,4.990811146141448,-7.1,3.598038461538461,0.8456538461538463,1.328076923076923,T1027_AlphaFold_casp3,HMDB0002314,LEU,131,CA,4.558268998731087,-7.2,3.3925,1.4009615384615384,1.5798846153846153
T1027_AlphaFold_casp2,HMDB0002343,LEU,131,CA,4.608816937684634,-6.8,3.620653846153846,0.9220384615384618,1.7154615384615384,T1027_AlphaFold_casp3,HMDB0002343,LEU,131,CA,4.431790572388862,-6.8,3.577846153846153,0.674423076923077,2.0601153846153855
T1027_AlphaFold_casp2,HMDB0002356,GLY,32,CA,6.042083273860541,-3.6,9.357035714285715,-4.110571428571428,-12.627678571428573,T1027_AlphaFold_casp3,HMDB0002356,GLY,32,CA,17.23138657244923,-6.1,1.4154285714285717,-3.3320714285714286,2.295142857142857
T1027_AlphaFold_casp2,HMDB0002364,LEU,57,CA,5.392226292075296,-9.2,2.126705882352941,-4.514588235294117,2.3987352941176465,T1027_AlphaFold_casp3,HMDB0002364,LEU,57,CA,5.382844154055662,-9.3,2.1474117647058826,-4.529058823529413,2.432882352941176
T1027_AlphaFold_casp2,HMDB0002368,GLY,75,CA,4.626841730054141,-4.3,6.87326923076923,-3.6025,-12.10426923076923,T1027_AlphaFold_casp3,HMDB0002368,GLY,75,CA,17.521171697685155,-3.6,11.601615384615384,-16.643115384615385,-11.236192307692306
T1027_AlphaFold_casp2,HMDB0002369,ALA,100,CA,6.591819988935449,-5.7,-14.040590909090906,-4.147409090909091,-1.0205,T1027_AlphaFold_casp3,HMDB0002369,ALA,100,CA,22.05659821406872,-8.9,2.318,0.28454545454545466,2.1954545454545458
T1027_AlphaFold_casp2,HMDB0002374,LEU,57,CA,5.503894665041381,-10.6,2.2748064516129025,-3.6348709677419344,2.8065483870967745,T1027_AlphaFold_casp3,HMDB0002374,LEU,57,CA,5.486277090167216,-10.7,2.219451612903226,-3.578064516129032,2.800806451612903
T1027_AlphaFold_casp2,HMDB0002409,MET,43,CA,6.408081481013878,-8.6,2.761210526315789,-4.362657894736842,1.5760263157894738,T1027_AlphaFold_casp3,HMDB0002409,MET,43,CA,19.125985652040256,-7.0,9.512552631578947,-16.583052631578948,-11.319657894736839
T1027_AlphaFold_casp2,HMDB0002504,LEU,57,CA,5.294362527376555,-9.1,1.2689687500000004,-2.8558124999999994,2.5883125,T1027_AlphaFold_casp3,HMDB0002504,LEU,57,CA,5.280144825006873,-9.1,1.2641874999999998,-2.9112812499999996,2.5609062500000004
T1027_AlphaFold_casp2,HMDB0002580,MET,43,CA,6.271920554655155,-9.2,2.9594210526315785,-4.430552631578947,1.4405263157894737,T1027_AlphaFold_casp3,HMDB0002580,MET,43,CA,6.660184869754554,-9.5,3.6107368421052626,-1.3555526315789472,1.8215789473684207
T1027_AlphaFold_casp2,HMDB0002586,LEU,57,CA,5.404856094665279,-8.5,2.050454545454546,-3.8954848484848497,2.5434848484848485,T1027_AlphaFold_casp3,HMDB0002586,LEU,57,CA,7.2680710651633325,-9.6,0.7085151515151513,-0.3258787878787878,1.568030303030303
T1027_AlphaFold_casp2,HMDB0002639,MET,43,CA,5.637670048693174,-9.4,3.5930833333333343,-3.892944444444444,1.8218888888888882,T1027_AlphaFold_casp3,HMDB0002639,MET,43,CA,5.688554793859941,-9.2,3.584666666666666,-3.9754722222222227,1.6675555555555555
T1027_AlphaFold_casp2,HMDB0002642,LYS,34,CA,4.8396669528879785,-6.6,13.041878787878787,-15.726787878787876,-9.09860606060606,T1027_AlphaFold_casp3,HMDB0002642,LYS,34,CA,16.880169301883164,-9.3,1.5230303030303025,-2.083,2.5181515151515157
T1027_AlphaFold_casp2,HMDB0002656,LEU,131,CA,4.828397640625718,-7.0,4.5314,1.00976,1.47372,T1027_AlphaFold_casp3,HMDB0002656,LEU,131,CA,4.64664112149841,-7.3,3.25672,1.2630000000000001,1.5555599999999998
T1027_AlphaFold_casp2,HMDB0002664,LEU,131,CA,5.155927820079628,-7.3,2.6498518518518517,0.05514814814814808,1.767555555555555,T1027_AlphaFold_casp3,HMDB0002664,LEU,131,CA,4.94308583512245,-7.7,2.9704444444444444,0.5376666666666667,1.630074074074074
T1027_AlphaFold_casp2,HMDB0002666,LEU,131,CA,5.354170844842728,-6.9,1.8956249999999997,-0.8202916666666665,2.627791666666666,T1027_AlphaFold_casp3,HMDB0002666,LEU,131,CA,5.344950144308073,-6.8,1.9183333333333337,-0.867708333333333,2.686875
T1027_AlphaFold_casp2,HMDB0002685,LEU,60,CA,6.234904020954148,-6.7,1.7762499999999997,-1.8780714285714286,1.6898928571428573,T1027_AlphaFold_casp3,HMDB0002685,LEU,60,CA,7.2439799596362935,-6.4,1.5563214285714284,-7.495892857142857,3.0144285714285712
T1027_AlphaFold_casp2,HMDB0002689,LEU,131,CA,4.90135798138928,-7.3,1.8511851851851862,1.4687037037037038,1.6242962962962963,T1027_AlphaFold_casp3,HMDB0002689,LEU,131,CA,4.641946577399922,-6.8,3.431592592592593,0.5188148148148147,1.9225555555555558
T1027_AlphaFold_casp2,HMDB0002710,LEU,131,CA,4.710337157359333,-7.6,2.14212,2.1644,1.5190400000000002,T1027_AlphaFold_casp3,HMDB0002710,LEU,131,CA,4.666148198589497,-7.5,1.9139200000000003,0.41528000000000004,2.46208
T1027_AlphaFold_casp2,HMDB0002719,MET,43,CA,5.503306874209737,-10.0,3.627379310344827,-3.2624137931034487,2.7398275862068964,T1027_AlphaFold_casp3,HMDB0002719,MET,43,CA,5.485924080900418,-10.0,3.636206896551724,-3.281206896551724,2.7529310344827596
T1027_AlphaFold_casp2,HMDB0002752,LEU,131,CA,4.571588858679223,-7.4,2.5750800000000003,0.5289200000000004,2.1982,T1027_AlphaFold_casp3,HMDB0002752,LEU,131,CA,4.562973317826875,-7.3,2.5882,0.66224,2.11696
T1027_AlphaFold_casp2,HMDB0002759,LEU,57,CA,5.0955854281917405,-9.3,1.9921600000000002,-4.243599999999999,2.81548,T1027_AlphaFold_casp3,HMDB0002759,LEU,57,CA,9.04867469341229,-9.7,2.8646799999999994,0.9471199999999999,1.7715199999999998
T1027_AlphaFold_casp2,HMDB0002776,LEU,131,CA,4.657237982192994,-6.8,2.851999999999999,0.48746153846153845,2.0334230769230768,T1027_AlphaFold_casp3,HMDB0002776,LEU,131,CA,19.13413868435963,-5.0,8.283961538461538,-5.1303846153846155,-10.925653846153846
T1027_AlphaFold_casp2,HMDB0002802,LEU,57,CA,5.5316617122225935,-8.3,2.7219642857142863,-5.295964285714286,2.780285714285714,T1027_AlphaFold_casp3,HMDB0002802,LEU,57,CA,5.5319459872283865,-8.3,2.7366071428571432,-5.294785714285715,2.8017500000000006
T1027_AlphaFold_casp2,HMDB0002815,SER,61,CA,5.20226462394913,-5.4,1.7898055555555554,-6.215861111111112,1.2537777777777777,T1027_AlphaFold_casp3,HMDB0002815,SER,61,CA,21.660743399906064,-3.4,12.165611111111112,-16.270944444444446,-11.624694444444447
T1027_AlphaFold_casp2,HMDB0002823,LEU,131,CA,4.864621747350113,-6.9,4.075833333333333,0.8620833333333332,1.457458333333333,T1027_AlphaFold_casp3,HMDB0002823,LEU,131,CA,4.728490479742335,-6.6,4.06075,1.3018333333333334,1.4135416666666665
T1027_AlphaFold_casp2,HMDB0002829,MET,43,CA,5.452734165643218,-9.6,3.625972222222222,-4.242861111111111,2.0601666666666665,T1027_AlphaFold_casp3,HMDB0002829,MET,43,CA,7.772460938773065,-10.0,1.6093333333333337,-2.354194444444445,2.223416666666666
T1027_AlphaFold_casp2,HMDB0002833,LYS,33,CA,3.984930830616764,-7.2,11.402120000000004,-14.48652,-12.3096,T1027_AlphaFold_casp3,HMDB0002833,LYS,33,CA,18.797018646413054,-8.8,1.6432000000000002,-0.21979999999999983,2.2184400000000006
T1027_AlphaFold_casp2,HMDB0002884,GLY,75,CA,4.83868718098377,-4.5,6.079958333333333,-5.270583333333334,-8.923208333333333,T1027_AlphaFold_casp3,HMDB0002884,GLY,75,CA,13.116680792757641,-6.5,1.121041666666667,-3.6636249999999997,2.973791666666667
T1027_AlphaFold_casp2,HMDB0002886,LEU,57,CA,5.097143066225855,-6.9,1.275,-3.7201379310344826,2.310068965517242,T1027_AlphaFold_casp3,HMDB0002886,LEU,57,CA,4.905428310396793,-6.9,1.5461724137931032,-4.231793103448275,2.608793103448275
T1027_AlphaFold_casp2,HMDB0002902,LEU,131,CA,5.062886718617706,-8.8,3.480233333333333,-0.009400000000000252,1.7683333333333335,T1027_AlphaFold_casp3,HMDB0002902,LEU,131,CA,5.210881501563181,-8.6,3.6794666666666673,0.20076666666666665,1.4304666666666663
T1027_AlphaFold_casp2,HMDB0002904,LEU,131,CA,5.031086737878841,-7.5,2.4834444444444443,0.672703703703704,1.5808148148148147,T1027_AlphaFold_casp3,HMDB0002904,LEU,131,CA,4.681728027526924,-7.6,3.0412222222222227,0.21492592592592605,2.1495185185185184
T1027_AlphaFold_casp2,HMDB0002923,LEU,131,CA,4.675804779957195,-6.5,3.6964516129032265,1.6584516129032258,1.3463548387096773,T1027_AlphaFold_casp3,HMDB0002923,LEU,131,CA,4.476269380651501,-6.2,3.3242580645161284,0.46251612903225814,2.173903225806452
T1027_AlphaFold_casp2,HMDB0002925,LEU,131,CA,4.453222057822964,-6.6,3.376136363636364,1.0689090909090906,1.8391818181818183,T1027_AlphaFold_casp3,HMDB0002925,LEU,131,CA,7.630244164664503,-6.5,0.9427272727272726,-3.432772727272727,2.9375
T1027_AlphaFold_casp2,HMDB0002972,LEU,57,CA,5.939813490498091,-8.8,2.1615882352941185,-3.4066470588235296,2.080911764705883,T1027_AlphaFold_casp3,HMDB0002972,LEU,57,CA,9.340945310658489,-9.5,2.9728529411764706,1.1622647058823532,1.5946176470588231
T1027_AlphaFold_casp2,HMDB0002984,LEU,131,CA,5.130693905108418,-9.6,1.566708333333333,0.09395833333333337,2.272166666666667,T1027_AlphaFold_casp3,HMDB0002984,LEU,131,CA,5.115888822865159,-9.6,1.6266666666666667,0.0584583333333332,2.2844583333333337
T1027_AlphaFold_casp2,HMDB0003034,LEU,131,CA,4.8256338944073685,-7.6,2.5403333333333338,0.22700000000000012,2.100962962962963,T1027_AlphaFold_casp3,HMDB0003034,LEU,131,CA,6.571961854312642,-7.3,1.467814814814815,-2.2627777777777776,2.697555555555556
T1027_AlphaFold_casp2,HMDB0003069,LEU,57,CA,5.730011609663196,-9.1,2.8514583333333334,-3.921791666666666,3.0657916666666662,T1027_AlphaFold_casp3,HMDB0003069,LEU,57,CA,6.749334832966876,-9.6,2.0550833333333336,-1.3619166666666669,2.3569166666666663
T1027_AlphaFold_casp2,HMDB0003080,LYS,34,CA,4.986160904814925,-5.2,8.396153846153846,-16.061589743589746,-11.58330769230769,T1027_AlphaFold_casp3,HMDB0003080,LYS,34,CA,5.001504712768696,-5.2,10.73053846153846,-15.696897435897439,-11.59125641025641
T1027_AlphaFold_casp2,HMDB0003128,LEU,57,CA,5.324104785365852,-8.0,2.6039000000000003,-5.281333333333333,2.9803333333333333,T1027_AlphaFold_casp3,HMDB0003128,LEU,57,CA,5.357791276885156,-8.0,2.646166666666667,-5.246933333333333,2.9876333333333336
T1027_AlphaFold_casp2,HMDB0003141,SER,61,CA,3.46676016500078,-9.1,0.12510810810810816,-6.895378378378381,0.5595405405405406,T1027_AlphaFold_casp3,HMDB0003141,SER,61,CA,7.319183227592066,-7.9,3.587675675675675,-3.7195945945945947,0.22910810810810772
T1027_AlphaFold_casp2,HMDB0003175,LEU,60,CA,5.833792595629071,-7.2,1.314923076923077,-1.6693076923076924,2.278423076923077,T1027_AlphaFold_casp3,HMDB0003175,LEU,60,CA,7.1213737972637725,-7.1,2.432576923076923,-0.9693076923076921,2.500576923076923
T1027_AlphaFold_casp2,HMDB0003180,LEU,57,CA,5.5962375708159,-8.0,2.148290322580645,-3.978096774193548,2.3101290322580645,T1027_AlphaFold_casp3,HMDB0003180,LEU,57,CA,5.521028898382456,-8.0,2.09241935483871,-3.944096774193548,2.3815161290322586
T1027_AlphaFold_casp2,HMDB0003193,MET,43,CA,5.638458411113628,-9.3,3.7378888888888886,-3.1149999999999998,2.0908611111111117,T1027_AlphaFold_casp3,HMDB0003193,MET,43,CA,5.671218086248325,-9.4,3.710083333333333,-3.1012500000000003,2.0801111111111115
T1027_AlphaFold_casp2,HMDB0003252,LEU,131,CA,4.832682198763431,-7.5,2.8151034482758623,0.4187586206896552,1.873310344827586,T1027_AlphaFold_casp3,HMDB0003252,LEU,131,CA,4.6864678018512365,-7.4,3.033896551724138,0.4724827586206896,1.963724137931034
T1027_AlphaFold_casp2,HMDB0003337,LYS,34,CA,6.438919323085201,-4.0,14.095979999999999,-17.449219999999997,-6.927019999999996,T1027_AlphaFold_casp3,HMDB0003337,LYS,34,CA,14.790024505037168,-6.5,3.19024,-3.6283400000000006,1.94692
T1027_AlphaFold_casp2,HMDB0003474,LEU,131,CA,4.998166968011719,-6.1,0.7024999999999998,1.2676666666666667,2.360888888888889,T1027_AlphaFold_casp3,HMDB0003474,LEU,131,CA,5.013580234574742,-6.1,0.6737777777777776,1.2427222222222223,2.3775555555555554
T1027_AlphaFold_casp2,HMDB0003502,GLY,32,CA,5.300169364650669,-4.9,9.46027777777778,-4.990444444444446,-12.82436111111111,T1027_AlphaFold_casp3,HMDB0003502,GLY,32,CA,8.95376285949856,-4.7,11.908083333333334,-16.978944444444448,-12.039027777777779
T1027_AlphaFold_casp2,HMDB0003514,LEU,131,CA,4.765662189650051,-5.6,2.8941304347826087,1.2115652173913043,1.5128260869565218,T1027_AlphaFold_casp3,HMDB0003514,LEU,131,CA,5.307610784175391,-5.7,4.800391304347827,-0.2354347826086956,1.7192608695652176
T1027_AlphaFold_casp2,HMDB0003540,LEU,131,CA,4.682336821035427,-6.8,3.2028888888888893,0.3858148148148149,1.9938518518518518,T1027_AlphaFold_casp3,HMDB0003540,LEU,131,CA,4.682526843261027,-6.8,3.301037037037037,0.33440740740740743,2.013370370370371
T1027_AlphaFold_casp2,HMDB0003550,ALA,47,CA,6.168595325206562,-10.3,2.826064516129033,-2.276129032258065,2.722322580645161,T1027_AlphaFold_casp3,HMDB0003550,ALA,47,CA,6.141818778794313,-10.3,2.8011935483870967,-2.255419354838709,2.7626129032258055
T1027_AlphaFold_casp2,HMDB0003572,LEU,131,CA,4.2412368008767345,-8.2,3.248466666666667,1.6744999999999994,1.841,T1027_AlphaFold_casp3,HMDB0003572,LEU,131,CA,4.258581805405802,-7.9,3.0589333333333317,1.6095666666666668,1.8786333333333332
T1027_AlphaFold_casp2,HMDB0003598,LEU,131,CA,4.75541018079443,-8.9,3.237590909090909,1.6178636363636365,1.3157272727272729,T1027_AlphaFold_casp3,HMDB0003598,LEU,131,CA,24.504328638692755,-6.0,12.80509090909091,-15.896363636363635,-6.965272727272727
T1027_AlphaFold_casp2,HMDB0003648,LYS,68,CA,3.7467508766368467,-4.4,-6.9622368421052645,7.8322631578947375,-16.414921052631584,T1027_AlphaFold_casp3,HMDB0003648,LYS,68,CA,21.34111589518369,-7.0,1.5551578947368423,-8.39486842105263,0.6316315789473684
T1027_AlphaFold_casp2,HMDB0003733,LEU,57,CA,4.972183801465464,-7.7,1.7242666666666666,-3.4530000000000007,3.165466666666666,T1027_AlphaFold_casp3,HMDB0003733,LEU,57,CA,6.270748560755902,-7.0,2.939799999999999,-3.0377333333333336,2.7433666666666663
T1027_AlphaFold_casp2,HMDB0003759,LEU,131,CA,5.671522775215848,-9.8,1.0813478260869567,0.06821739130434783,1.8438260869565215,T1027_AlphaFold_casp3,HMDB0003759,LEU,131,CA,5.670723164793026,-9.8,1.0793913043478263,0.06991304347826109,1.845086956521739
T1027_AlphaFold_casp2,HMDB0003871,LEU,131,CA,4.746817437452073,-6.5,3.9418260869565214,1.461,1.3325652173913043,T1027_AlphaFold_casp3,HMDB0003871,LEU,131,CA,4.872890073579246,-6.7,1.7695652173913041,2.2275217391304354,1.4916521739130435
T1027_AlphaFold_casp2,HMDB0003876,LEU,131,CA,5.279706323541796,-6.6,3.7538333333333327,-0.18637499999999999,1.613166666666667,T1027_AlphaFold_casp3,HMDB0003876,LEU,131,CA,7.818610582401205,-7.2,1.2245,-3.7141249999999997,2.8054166666666673
T1027_AlphaFold_casp2,HMDB0003933,ALA,15,CA,4.848630850425966,-6.5,2.1628529411764705,-8.94220588235294,0.7839705882352942,T1027_AlphaFold_casp3,HMDB0003933,ALA,15,CA,10.964331674140182,-6.2,4.009470588235293,-3.0025000000000004,2.433970588235294
T1027_AlphaFold_casp2,HMDB0003955,LEU,131,CA,5.287167599118836,-9.1,1.7289565217391307,-0.1431739130434784,2.1454347826086955,T1027_AlphaFold_casp3,HMDB0003955,LEU,131,CA,4.653411514578049,-8.9,2.1071739130434777,1.0454782608695652,1.9821739130434788
T1027_AlphaFold_casp2,HMDB0003993,MET,43,CA,6.350419109397427,-8.2,3.132,-5.764750000000001,0.9009499999999999,T1027_AlphaFold_casp3,HMDB0003993,MET,43,CA,7.422692396209746,-8.1,2.0037750000000005,-6.8370750000000005,1.14695
T1027_AlphaFold_casp2,HMDB0004025,LEU,57,CA,5.698010104308347,-8.3,3.005280000000001,-4.7794,3.01348,T1027_AlphaFold_casp3,HMDB0004025,LEU,57,CA,5.339512402757391,-8.7,2.721,-4.98404,3.19076
T1027_AlphaFold_casp2,HMDB0004026,LEU,131,CA,4.364727834191732,-9.1,2.463538461538462,1.3070384615384616,2.051076923076923,T1027_AlphaFold_casp3,HMDB0004026,LEU,131,CA,8.895709740902,-8.7,2.191384615384616,-5.232615384615385,2.8921923076923077
T1027_AlphaFold_casp2,HMDB0004029,LEU,57,CA,4.728180241066518,-9.7,2.028692307692308,-5.286115384615385,3.193230769230769,T1027_AlphaFold_casp3,HMDB0004029,LEU,57,CA,4.71654672748446,-9.6,2.0024615384615383,-5.294884615384614,3.1748076923076924
T1027_AlphaFold_casp2,HMDB0004030,LEU,57,CA,5.031684402184068,-9.1,2.272,-5.118851851851851,3.033444444444444,T1027_AlphaFold_casp3,HMDB0004030,LEU,57,CA,5.054275211771094,-9.1,2.2744444444444447,-5.065962962962961,3.0062962962962976
T1027_AlphaFold_casp2,HMDB0004031,LEU,131,CA,6.055967769266941,-8.9,4.548959999999999,-1.3084799999999999,1.62048,T1027_AlphaFold_casp3,HMDB0004031,LEU,131,CA,6.040339049291853,-8.9,4.613199999999999,-1.3224,1.6684799999999997
T1027_AlphaFold_casp2,HMDB0004068,LEU,131,CA,4.662958618877177,-9.7,3.3201153846153844,0.9866538461538462,1.6515769230769233,T1027_AlphaFold_casp3,HMDB0004068,LEU,131,CA,6.3111172730133775,-9.5,2.502807692307692,-2.2124230769230766,2.532692307692308
T1027_AlphaFold_casp2,HMDB0004080,LEU,131,CA,5.012258565897503,-6.7,2.932333333333334,-0.2897407407407408,2.156444444444445,T1027_AlphaFold_casp3,HMDB0004080,LEU,131,CA,8.891410424838995,-6.7,0.9728518518518519,-4.675111111111112,2.3855555555555554
T1027_AlphaFold_casp2,HMDB0004158,MET,43,CA,6.114541194000423,-9.3,3.154723404255318,-4.955489361702127,1.3058723404255328,T1027_AlphaFold_casp3,HMDB0004158,MET,43,CA,5.788385988059472,-9.1,3.687255319148936,-4.756297872340424,1.025744680851064
T1027_AlphaFold_casp2,HMDB0004160,LEU,57,CA,6.463329658802449,-9.7,2.488,-3.530782608695653,1.5512391304347826,T1027_AlphaFold_casp3,HMDB0004160,LEU,57,CA,6.581763516867343,-9.3,2.7768913043478256,-2.904108695652174,2.0468913043478256
T1027_AlphaFold_casp2,HMDB0004236,LEU,131,CA,4.203682786509944,-7.7,3.4092800000000008,1.92936,1.78304,T1027_AlphaFold_casp3,HMDB0004236,LEU,131,CA,27.093313064916966,-4.7,10.010959999999997,-15.657120000000003,-12.838760000000004
T1027_AlphaFold_casp2,HMDB0004238,LEU,131,CA,4.705181906281626,-7.3,2.5544,1.5186400000000004,1.55304,T1027_AlphaFold_casp3,HMDB0004238,LEU,131,CA,5.095741044283942,-6.9,3.3808799999999994,-0.63904,2.28688
T1027_AlphaFold_casp2,HMDB0004240,LEU,131,CA,5.337567393007523,-7.5,2.3397407407407407,-0.9363703703703704,2.5543703703703704,T1027_AlphaFold_casp3,HMDB0004240,LEU,131,CA,4.659459107178403,-6.9,2.708407407407407,0.7211111111111117,1.9257407407407408
T1027_AlphaFold_casp2,HMDB0004242,LEU,131,CA,4.790931096129139,-7.1,3.913857142857143,0.22096428571428567,1.9193214285714284,T1027_AlphaFold_casp3,HMDB0004242,LEU,131,CA,4.566836869329957,-7.7,3.9993571428571433,1.5379642857142855,1.4979285714285713
T1027_AlphaFold_casp2,HMDB0004243,LEU,131,CA,4.613448085933124,-6.7,1.66124,1.25236,2.1651200000000004,T1027_AlphaFold_casp3,HMDB0004243,LEU,131,CA,20.03703201530606,-4.6,11.851039999999998,-5.28048,-10.58348
T1027_AlphaFold_casp2,HMDB0004244,LEU,131,CA,4.768409628377159,-6.8,4.250800000000002,1.28484,1.38972,T1027_AlphaFold_casp3,HMDB0004244,LEU,131,CA,26.652947911493772,-4.3,8.469160000000002,-14.969840000000001,-13.316960000000002
T1027_AlphaFold_casp2,HMDB0004264,LEU,131,CA,4.595812754793939,-6.6,2.8459565217391307,0.763,1.9386956521739132,T1027_AlphaFold_casp3,HMDB0004264,LEU,131,CA,4.7130286493028395,-6.8,1.7500869565217392,1.021826086956522,2.1035217391304344
T1027_AlphaFold_casp2,HMDB0004385,LEU,131,CA,4.412403770413953,-7.6,2.2501428571428574,0.5436071428571427,2.5309642857142856,T1027_AlphaFold_casp3,HMDB0004385,LEU,131,CA,4.276893040854326,-7.5,2.3949642857142863,1.8089999999999997,1.9867142857142857
T1027_AlphaFold_casp2,HMDB0004483,LEU,57,CA,4.888351991234273,-10.4,1.4787714285714284,-4.078,2.6327714285714285,T1027_AlphaFold_casp3,HMDB0004483,LEU,57,CA,4.939361731963318,-10.4,1.4968571428571427,-4.054171428571429,2.585571428571429
T1027_AlphaFold_casp2,HMDB0004484,LEU,57,CA,5.472756707752783,-9.5,2.276333333333333,-4.2850833333333345,2.529444444444444,T1027_AlphaFold_casp3,HMDB0004484,LEU,57,CA,23.11214803279467,-7.9,10.278694444444442,-16.305277777777775,-10.630861111111113
T1027_AlphaFold_casp2,HMDB0004645,LEU,131,CA,4.518053553186928,-6.0,1.96237037037037,1.5504074074074075,1.9892962962962963,T1027_AlphaFold_casp3,HMDB0004645,LEU,131,CA,3.9853256012712626,-6.3,3.179074074074074,1.5465925925925927,2.1752962962962963
T1027_AlphaFold_casp2,HMDB0004666,LEU,131,CA,4.756347603150723,-6.7,3.16048275862069,0.4262758620689658,1.8843793103448272,T1027_AlphaFold_casp3,HMDB0004666,LEU,131,CA,21.165031123674535,-3.9,10.380689655172414,-4.811758620689655,-12.73803448275862
T1027_AlphaFold_casp2,HMDB0004673,LEU,131,CA,4.93314235697468,-7.2,2.6220434782608697,0.9395217391304346,1.5156086956521737,T1027_AlphaFold_casp3,HMDB0004673,LEU,131,CA,4.675679864033281,-7.1,2.955217391304348,0.31639130434782603,2.1023478260869566
T1027_AlphaFold_casp2,HMDB0004679,LEU,131,CA,4.869864465409519,-6.6,3.817166666666667,0.6169166666666667,1.5752083333333335,T1027_AlphaFold_casp3,HMDB0004679,LEU,131,CA,4.786286804144501,-7.1,2.176625,0.6966249999999997,1.980916666666667
T1027_AlphaFold_casp2,HMDB0004680,ALA,15,CA,4.1901473532578635,-5.7,1.4124166666666664,-9.706333333333335,1.072375,T1027_AlphaFold_casp3,HMDB0004680,ALA,15,CA,15.6871769018299,-7.4,2.651458333333333,1.8985833333333335,1.8058749999999997
T1027_AlphaFold_casp2,HMDB0004682,LEU,131,CA,4.974556896794372,-7.4,2.5329166666666665,0.4385000000000001,1.7707499999999998,T1027_AlphaFold_casp3,HMDB0004682,LEU,131,CA,8.203172071928435,-5.9,4.215833333333332,-4.534083333333332,2.592416666666667
T1027_AlphaFold_casp2,HMDB0004684,GLY,32,CA,5.910819427312591,-5.2,6.304071428571428,-6.906857142857142,-7.5707499999999985,T1027_AlphaFold_casp3,HMDB0004684,GLY,32,CA,18.34328166251912,-6.9,2.3329285714285715,1.07525,1.4046071428571432
T1027_AlphaFold_casp2,HMDB0004685,LEU,131,CA,5.217622768455906,-7.2,2.477629629629629,-0.18925925925925927,1.931962962962963,T1027_AlphaFold_casp3,HMDB0004685,LEU,131,CA,5.233260457934054,-7.2,2.8525925925925923,-0.9482962962962964,2.53837037037037
T1027_AlphaFold_casp2,HMDB0004688,LEU,131,CA,4.690396846152787,-7.2,2.30548,0.012320000000000171,2.5590399999999995,T1027_AlphaFold_casp3,HMDB0004688,LEU,131,CA,4.632944465542406,-7.4,2.7869199999999994,0.40820000000000006,2.13588
T1027_AlphaFold_casp2,HMDB0004693,LEU,131,CA,4.975778502787278,-6.8,2.9722399999999998,-0.14304000000000008,2.06864,T1027_AlphaFold_casp3,HMDB0004693,LEU,131,CA,8.014519446504575,-7.1,1.06116,-3.90552,2.87132
T1027_AlphaFold_casp2,HMDB0004704,LEU,131,CA,5.041021124133317,-6.5,1.6628333333333334,1.6041666666666667,1.5079583333333335,T1027_AlphaFold_casp3,HMDB0004704,LEU,131,CA,4.9071874217683105,-6.6,1.7620000000000002,0.7041250000000002,2.0287916666666663
T1027_AlphaFold_casp2,HMDB0004705,LEU,131,CA,4.963472115287455,-6.5,3.289875,0.6779166666666666,1.4729999999999999,T1027_AlphaFold_casp3,HMDB0004705,LEU,131,CA,5.06834989121624,-6.4,3.4110833333333335,0.7538333333333335,1.3012916666666665
T1027_AlphaFold_casp2,HMDB0004708,LEU,131,CA,5.067793193206727,-6.7,3.1988846153846158,0.5932307692307692,1.4121153846153847,T1027_AlphaFold_casp3,HMDB0004708,LEU,131,CA,4.900248804817204,-6.7,3.3214615384615382,1.0722307692307693,1.3499230769230768
T1027_AlphaFold_casp2,HMDB0004710,LEU,57,CA,5.072914228160396,-6.2,1.4811923076923077,-3.374884615384615,2.759846153846154,T1027_AlphaFold_casp3,HMDB0004710,LEU,57,CA,9.339775958851392,-6.5,3.5103076923076917,0.7962692307692308,1.6765769230769232
T1027_AlphaFold_casp2,HMDB0004824,SER,61,CA,4.584729814976164,-6.7,-0.0925384615384616,-9.66019230769231,-0.43473076923076925,T1027_AlphaFold_casp3,HMDB0004824,SER,61,CA,10.81567781690326,-7.0,4.603230769230769,0.9436153846153847,1.4682307692307695
T1027_AlphaFold_casp2,HMDB0004947,CYS,59,CA,5.086473235327543,-3.4,-11.49364864864865,-7.720972972972973,3.8611081081081084,T1027_AlphaFold_casp3,HMDB0004947,CYS,59,CA,11.027894927755646,-7.4,2.9488108108108118,-0.794,2.3386486486486486
T1027_AlphaFold_casp2,HMDB0004948,LEU,23,CA,6.676855114183047,-2.7,16.78188372093023,-20.07906976744186,-3.766813953488373,T1027_AlphaFold_casp3,HMDB0004948,LEU,23,CA,25.096505050270185,-6.1,1.361581395348837,-6.173906976744185,0.857139534883721
T1027_AlphaFold_casp2,HMDB0004949,HIS,78,CA,5.541487603541332,-3.8,4.999341463414634,-4.636219512195122,-14.72870731707317,T1027_AlphaFold_casp3,HMDB0004949,HIS,78,CA,16.338423447291667,-3.0,-8.652170731707315,8.235975609756096,-17.42639024390244
T1027_AlphaFold_casp2,HMDB0004950,LEU,119,CA,3.473768941238314,-3.4,-15.409069767441862,-1.2699767441860466,3.4849767441860466,T1027_AlphaFold_casp3,HMDB0004950,LEU,119,CA,32.35675837264317,-3.7,10.842651162790698,-16.688000000000002,-10.621279069767445
T1027_AlphaFold_casp2,HMDB0004951,LYS,34,CA,4.563242338134498,-3.9,13.100600000000002,-15.611422222222217,-7.854622222222223,T1027_AlphaFold_casp3,HMDB0004951,LYS,34,CA,19.31550667694639,-2.7,-6.591200000000002,-19.077733333333338,2.160822222222223
T1027_AlphaFold_casp2,HMDB0004952,ARG,76,CA,5.005951639057739,-5.1,4.313510638297871,-4.533510638297871,-5.0484042553191495,T1027_AlphaFold_casp3,HMDB0004952,ARG,76,CA,19.984445674457582,-2.3,-11.68246808510638,10.581276595744681,-16.13121276595745
T1027_AlphaFold_casp2,HMDB0004953,GLY,28,CA,5.744212776662571,-2.4,8.880551020408163,-20.53644897959184,-15.676285714285713,T1027_AlphaFold_casp3,HMDB0004953,GLY,28,CA,20.34794113444066,-3.4,-3.6264285714285713,-17.30281632653061,-6.8297755102040805
T1027_AlphaFold_casp2,HMDB0004955,SER,61,CA,4.402274347275653,-4.8,1.1360784313725496,-6.833509803921567,0.012529411764705905,T1027_AlphaFold_casp3,HMDB0004955,SER,61,CA,19.739542681902673,-3.5,9.21629411764706,-17.037764705882356,-11.038823529411765
T1027_AlphaFold_casp2,HMDB0004956,PRO,74,CA,5.711909309979548,-3.2,7.134571428571425,0.7329999999999998,-15.111163265306123,T1027_AlphaFold_casp3,HMDB0004956,PRO,74,CA,24.42282738652209,-3.5,15.435183673469389,-18.029897959183675,-5.093551020408164
T1027_AlphaFold_casp2,HMDB0004957,GLY,28,CA,3.8783818728949355,-2.2,11.039399999999999,-20.803960000000004,-17.182479999999995,T1027_AlphaFold_casp3,HMDB0004957,GLY,28,CA,21.717981740962948,-3.1,-3.49676,-16.86416,-4.386240000000001
T1027_AlphaFold_casp2,HMDB0005028,LEU,131,CA,5.202189683892736,-8.8,1.7543200000000005,0.68828,1.6669200000000002,T1027_AlphaFold_casp3,HMDB0005028,LEU,131,CA,5.201105406507351,-8.8,1.80456,0.6647199999999998,1.65624
T1027_AlphaFold_casp2,HMDB0005045,LEU,131,CA,4.62290873534696,-6.5,4.0196250000000004,0.8903333333333333,1.7114166666666666,T1027_AlphaFold_casp3,HMDB0005045,LEU,131,CA,11.315489584249109,-4.6,3.0722083333333337,-6.8721666666666685,0.3465416666666665
T1027_AlphaFold_casp2,HMDB0005049,LEU,131,CA,5.664662490425602,-6.6,2.71495652173913,-0.02552173913043479,1.1728260869565217,T1027_AlphaFold_casp3,HMDB0005049,LEU,131,CA,10.001099708908196,-5.8,1.224217391304348,-6.104347826086956,2.6299565217391305
T1027_AlphaFold_casp2,HMDB0005056,LEU,131,CA,5.002037732249935,-7.3,3.5773461538461544,0.8333846153846154,1.3227692307692311,T1027_AlphaFold_casp3,HMDB0005056,LEU,131,CA,4.921491958505381,-7.3,3.7047307692307685,0.883153846153846,1.3819615384615387
T1027_AlphaFold_casp2,HMDB0005060,LEU,57,CA,4.576771238665352,-6.4,1.386136363636364,-3.8336818181818186,3.161818181818182,T1027_AlphaFold_casp3,HMDB0005060,LEU,57,CA,8.59267516082282,-6.0,2.047590909090909,0.7139545454545452,1.5334999999999999
T1027_AlphaFold_casp2,HMDB0005065,MET,43,CA,5.322208239485227,-6.2,3.8849,-3.2590000000000003,2.5356333333333336,T1027_AlphaFold_casp3,HMDB0005065,MET,43,CA,8.423303288232923,-4.6,2.5368666666666666,-8.090333333333334,-1.0057000000000003
T1027_AlphaFold_casp2,HMDB0005066,LEU,131,CA,5.123215551514313,-6.0,3.7883461538461534,0.897076923076923,1.151,T1027_AlphaFold_casp3,HMDB0005066,LEU,131,CA,7.3598451566109695,-6.4,0.7730769230769231,-2.896884615384615,2.6833076923076926
T1027_AlphaFold_casp2,HMDB0005073,LEU,131,CA,4.848401503490946,-7.2,3.43273076923077,1.205653846153846,1.338846153846154,T1027_AlphaFold_casp3,HMDB0005073,LEU,131,CA,4.498574815407929,-6.9,3.4263076923076925,1.274346153846154,1.6909615384615388
T1027_AlphaFold_casp2,HMDB0005079,LEU,131,CA,5.74344516463492,-7.0,4.986130434782608,-0.9735652173913045,1.8283913043478264,T1027_AlphaFold_casp3,HMDB0005079,LEU,131,CA,5.287767093541351,-7.8,1.9435652173913043,0.8000869565217392,1.4141739130434785
T1027_AlphaFold_casp2,HMDB0005081,LEU,57,CA,4.659768780960477,-7.2,0.9339583333333336,-3.400916666666667,2.8494999999999995,T1027_AlphaFold_casp3,HMDB0005081,LEU,57,CA,8.801103458673678,-7.1,2.9045000000000005,0.7914166666666667,2.1270000000000002
T1027_AlphaFold_casp2,HMDB0005083,LEU,131,CA,4.888984777600791,-7.6,2.0735714285714284,1.2141785714285713,1.6383928571428577,T1027_AlphaFold_casp3,HMDB0005083,LEU,131,CA,4.78214488864248,-7.6,2.2004285714285716,1.5488928571428568,1.5805714285714285
T1027_AlphaFold_casp2,HMDB0005087,LEU,57,CA,5.274746112121159,-7.4,0.8867692307692308,-2.406115384615384,2.6855,T1027_AlphaFold_casp3,HMDB0005087,LEU,57,CA,9.841718828237415,-7.6,3.1018076923076925,1.6120384615384613,1.359615384615385
T1027_AlphaFold_casp2,HMDB0005088,LEU,131,CA,4.847691958749347,-7.2,3.3303461538461545,1.0743846153846153,1.4055384615384614,T1027_AlphaFold_casp3,HMDB0005088,LEU,131,CA,7.149535406037888,-7.3,2.2261538461538466,-3.4348076923076913,3.1679999999999997
T1027_AlphaFold_casp2,HMDB0005095,ARG,27,CA,5.77677884184504,-5.0,11.626102040816326,-17.122632653061224,-11.512775510204081,T1027_AlphaFold_casp3,HMDB0005095,ARG,27,CA,26.046785028656217,-6.9,2.033857142857143,-4.087367346938775,1.3211020408163263
T1027_AlphaFold_casp2,HMDB0005096,LEU,131,CA,4.503618651121841,-7.9,3.226259259259258,1.108148148148148,1.7852962962962962,T1027_AlphaFold_casp3,HMDB0005096,LEU,131,CA,5.223105091118399,-7.4,2.9555925925925925,-0.6068148148148148,2.154333333333333
T1027_AlphaFold_casp2,HMDB0005099,LEU,131,CA,5.718536821332204,-7.2,2.5418275862068964,-1.3969655172413793,2.411965517241379,T1027_AlphaFold_casp3,HMDB0005099,LEU,131,CA,4.563821819275761,-7.2,4.015758620689655,0.8496551724137931,1.7992758620689655
T1027_AlphaFold_casp2,HMDB0005102,LEU,131,CA,5.237255024668519,-6.6,4.464407407407407,0.3552962962962964,1.3412962962962962,T1027_AlphaFold_casp3,HMDB0005102,LEU,131,CA,4.738937750171447,-7.6,1.5179999999999998,1.3190000000000002,2.0639999999999996
T1027_AlphaFold_casp2,HMDB0005189,LYS,34,CA,5.695795195016785,-5.8,13.677106382978724,-16.788382978723405,-7.010851063829789,T1027_AlphaFold_casp3,HMDB0005189,LYS,34,CA,4.33517843438362,-6.6,11.244234042553192,-15.466680851063835,-10.61917021276596
T1027_AlphaFold_casp2,HMDB0005193,SER,61,CA,5.919570736699481,-6.7,2.399734693877551,-7.313938775510202,-1.5979999999999999,T1027_AlphaFold_casp3,HMDB0005193,SER,61,CA,20.824865918270703,-5.4,13.135244897959188,-16.92416326530612,-7.400755102040818
T1027_AlphaFold_casp2,HMDB0005768,LEU,131,CA,4.432901107931348,-7.7,3.092176470588235,1.9256176470588233,1.5917647058823527,T1027_AlphaFold_casp3,HMDB0005768,LEU,131,CA,4.4417375984628595,-7.8,3.033823529411765,1.8452058823529411,1.6147647058823533
T1027_AlphaFold_casp2,HMDB0005770,MET,43,CA,6.088461248563572,-7.2,3.46230612244898,-2.7456530612244894,1.8746530612244894,T1027_AlphaFold_casp3,HMDB0005770,MET,43,CA,5.867457273780681,-7.4,4.190571428571428,-2.1004897959183673,1.6743877551020407
T1027_AlphaFold_casp2,HMDB0005789,LEU,131,CA,4.744773270915061,-7.9,2.6059310344827593,0.9533448275862069,1.7306896551724138,T1027_AlphaFold_casp3,HMDB0005789,LEU,131,CA,4.822358704331951,-8.3,2.9052758620689656,1.546758620689655,1.3254482758620691
T1027_AlphaFold_casp2,HMDB0005821,SER,61,CA,5.282540962727389,-7.5,1.8998064516129032,-7.561870967741935,0.08203225806451625,T1027_AlphaFold_casp3,HMDB0005821,SER,61,CA,7.7295141091923725,-7.7,2.384677419354839,-1.732806451612903,2.544645161290322
T1027_AlphaFold_casp2,HMDB0005972,LEU,57,CA,5.635582294534381,-8.0,2.1001428571428575,-3.7102499999999994,2.3259642857142855,T1027_AlphaFold_casp3,HMDB0005972,LEU,57,CA,5.6388281391760176,-8.0,2.1180714285714286,-3.7248214285714285,2.3331785714285713
T1027_AlphaFold_casp2,HMDB0005998,LEU,131,CA,4.360329774576179,-6.8,2.2992500000000002,1.8875833333333338,1.9079166666666667,T1027_AlphaFold_casp3,HMDB0005998,LEU,131,CA,4.110670711443166,-6.6,3.5447916666666655,1.0135416666666668,2.237333333333334
T1027_AlphaFold_casp2,HMDB0006031,LEU,131,CA,5.257122381262301,-9.0,0.9181739130434778,0.6142173913043479,2.18004347826087,T1027_AlphaFold_casp3,HMDB0006031,LEU,131,CA,5.259122116719038,-9.0,0.8906956521739133,0.6368695652173914,2.1847391304347825
T1027_AlphaFold_casp2,HMDB0006045,MET,43,CA,5.153222048314896,-7.4,4.948382352941175,-1.9651764705882346,2.3099117647058827,T1027_AlphaFold_casp3,HMDB0006045,MET,43,CA,9.095508116152908,-7.6,2.8423823529411765,1.4346764705882349,1.5704117647058822
T1027_AlphaFold_casp2,HMDB0006059,LEU,131,CA,5.568724752800141,-6.0,3.4462857142857146,-0.9305714285714286,1.8985000000000003,T1027_AlphaFold_casp3,HMDB0006059,LEU,131,CA,7.182291875451991,-6.4,1.1675357142857143,-2.98525,2.9058571428571427
T1027_AlphaFold_casp2,HMDB0006070,LEU,131,CA,4.278429653874773,-9.2,1.791074074074074,1.2423703703703706,2.5182222222222217,T1027_AlphaFold_casp3,HMDB0006070,LEU,131,CA,5.493393586733562,-8.3,1.8016666666666667,-1.0091111111111113,2.6824444444444446
T1027_AlphaFold_casp2,HMDB0006111,LEU,131,CA,4.475909244608545,-7.3,3.462291666666666,1.6153749999999996,1.5850833333333332,T1027_AlphaFold_casp3,HMDB0006111,LEU,131,CA,4.639896661886568,-7.1,3.316708333333333,0.8861249999999999,1.7281249999999995
T1027_AlphaFold_casp2,HMDB0006117,MET,43,CA,5.552421158733424,-8.1,4.259022222222222,-2.4970666666666674,1.841088888888889,T1027_AlphaFold_casp3,HMDB0006117,MET,43,CA,21.040466069909485,-5.5,10.452733333333336,-18.614488888888893,-12.077533333333331
T1027_AlphaFold_casp2,HMDB0006119,LEU,57,CA,6.263197342582557,-10.1,2.1550000000000002,-2.218516129032259,2.443483870967741,T1027_AlphaFold_casp3,HMDB0006119,LEU,57,CA,6.216439118854002,-10.1,2.1563225806451616,-2.2960322580645154,2.4547096774193555
T1027_AlphaFold_casp2,HMDB0006203,MET,43,CA,5.380707880953428,-10.2,4.294499999999999,-2.475694444444444,2.278888888888888,T1027_AlphaFold_casp3,HMDB0006203,MET,43,CA,5.398966784298915,-10.2,4.300805555555555,-2.4532777777777772,2.2405277777777775
T1027_AlphaFold_casp2,HMDB0006219,LEU,131,CA,4.847953981188252,-8.1,1.2909999999999995,1.3074545454545454,2.078772727272727,T1027_AlphaFold_casp3,HMDB0006219,LEU,131,CA,7.098121830793931,-7.4,4.20481818181818,-3.373590909090909,2.713227272727273
T1027_AlphaFold_casp2,HMDB0006224,MET,43,CA,6.681860708036715,-9.9,3.1250000000000013,-2.2112777777777777,1.623,T1027_AlphaFold_casp3,HMDB0006224,MET,43,CA,7.685085845012797,-10.2,1.2117222222222221,-3.707499999999999,2.6850833333333335
T1027_AlphaFold_casp2,HMDB0006245,LEU,131,CA,4.443952854019719,-6.9,2.9979583333333326,1.0889166666666668,1.9047916666666664,T1027_AlphaFold_casp3,HMDB0006245,LEU,131,CA,12.45823357882304,-5.4,2.447791666666667,-8.354000000000001,0.8903333333333334
T1027_AlphaFold_casp2,HMDB0006247,LEU,57,CA,5.660584305668602,-9.5,1.9430967741935483,-2.732322580645161,2.801709677419355,T1027_AlphaFold_casp3,HMDB0006247,LEU,57,CA,5.622857779060215,-10.0,1.7109677419354836,-2.679193548387098,2.6458709677419354
T1027_AlphaFold_casp2,HMDB0006317,SER,61,CA,3.5330477069365758,-5.3,-2.0313214285714287,-9.647642857142857,-0.4111071428571432,T1027_AlphaFold_casp3,HMDB0006317,SER,61,CA,19.18458585199326,-4.9,10.652357142857142,-15.694535714285717,-9.43942857142857
T1027_AlphaFold_casp2,HMDB0006327,LEU,57,CA,5.284460204535589,-10.9,0.9926562500000002,-2.3023124999999998,2.8739999999999997,T1027_AlphaFold_casp3,HMDB0006327,LEU,57,CA,5.2148776003583,-10.2,1.4616875,-3.0435625,2.7583125000000006
T1027_AlphaFold_casp2,HMDB0006335,LEU,131,CA,5.2244185863152675,-9.0,3.8533870967741937,0.2987741935483869,1.3499032258064518,T1027_AlphaFold_casp3,HMDB0006335,LEU,131,CA,5.185864125525072,-9.0,3.792645161290323,0.3307096774193548,1.3762580645161286
T1027_AlphaFold_casp2,HMDB0006461,MET,43,CA,5.993513687405002,-6.7,3.2049,-3.203466666666666,2.3903999999999996,T1027_AlphaFold_casp3,HMDB0006461,MET,43,CA,7.240832507154592,-7.1,2.3641333333333336,-1.7786666666666666,2.7036333333333333
T1027_AlphaFold_casp2,HMDB0006464,MET,43,CA,5.40866671484038,-6.1,3.9948,-3.052766666666665,2.1819333333333333,T1027_AlphaFold_casp3,HMDB0006464,MET,43,CA,9.262430172356376,-5.4,5.960999999999999,-6.996599999999999,-4.686933333333333
T1027_AlphaFold_casp2,HMDB0006465,SER,61,CA,4.746342427713755,-6.9,1.4591136363636368,-5.939477272727273,0.4728636363636365,T1027_AlphaFold_casp3,HMDB0006465,SER,61,CA,7.489568820861275,-6.6,3.2478636363636357,-3.0868409090909097,1.7728181818181816
T1027_AlphaFold_casp2,HMDB0006469,SER,61,CA,3.6150845370475073,-4.8,-1.2637,-9.349599999999999,-0.4466000000000001,T1027_AlphaFold_casp3,HMDB0006469,SER,61,CA,5.011592029374387,-5.5,1.3846333333333334,-6.281833333333334,1.8587999999999998
T1027_AlphaFold_casp2,HMDB0006528,LEU,131,CA,4.707969315758653,-7.6,3.010875,1.336,1.5017500000000001,T1027_AlphaFold_casp3,HMDB0006528,LEU,131,CA,26.151765820618277,-4.6,9.290083333333333,-15.134833333333335,-12.223708333333335
T1027_AlphaFold_casp2,HMDB0006535,GLY,32,CA,5.536063929560418,-5.7,10.056235294117647,-5.450735294117646,-11.016029411764706,T1027_AlphaFold_casp3,HMDB0006535,GLY,32,CA,17.051677610619585,-6.2,3.740411764705883,-2.76285294117647,2.5032941176470587
T1027_AlphaFold_casp2,HMDB0006552,LEU,131,CA,4.610047109478037,-9.7,2.873000000000001,0.9286086956521737,1.8247391304347829,T1027_AlphaFold_casp3,HMDB0006552,LEU,131,CA,4.312660887001898,-9.3,3.23404347826087,1.9172173913043478,1.6959130434782608
T1027_AlphaFold_casp2,HMDB0006566,LYS,34,CA,6.086282284730783,-6.6,11.453564516129036,-18.222403225806456,-10.306709677419356,T1027_AlphaFold_casp3,HMDB0006566,LYS,34,CA,14.676073852374259,-7.9,3.046919354838709,-3.597,1.6390645161290325
T1027_AlphaFold_casp2,HMDB0006567,SER,61,CA,5.925790617153584,-7.7,2.5130483870967737,-5.1280967741935495,0.6736774193548385,T1027_AlphaFold_casp3,HMDB0006567,SER,61,CA,8.019090757466387,-7.5,3.8084193548387097,-2.667870967741935,0.9916451612903231
T1027_AlphaFold_casp2,HMDB0006569,LEU,57,CA,6.0196963709432305,-6.9,2.7084727272727265,-4.403509090909091,2.1305454545454547,T1027_AlphaFold_casp3,HMDB0006569,LEU,57,CA,20.700863187440373,-6.1,6.378509090909092,-4.283363636363636,-13.080509090909093
T1027_AlphaFold_casp2,HMDB0006587,SER,61,CA,5.04406810087661,-7.0,1.2980545454545458,-8.541672727272724,0.11652727272727265,T1027_AlphaFold_casp3,HMDB0006587,SER,61,CA,5.935669819457601,-6.8,2.5283090909090906,-5.745327272727272,1.1981454545454544
T1027_AlphaFold_casp2,HMDB0006606,LYS,34,CA,5.812696879133461,-6.4,11.963537313432836,-17.1915223880597,-10.807119402985073,T1027_AlphaFold_casp3,HMDB0006606,LYS,34,CA,7.464966127378864,-5.2,9.140611940298506,-18.70855223880597,-12.668552238805969
T1027_AlphaFold_casp2,HMDB0006707,LEU,37,CA,6.834145137999437,-4.6,15.543137931034478,-19.402258620689654,-1.2035172413793098,T1027_AlphaFold_casp3,HMDB0006707,LEU,37,CA,35.62757870438432,-3.4,-14.625637931034486,9.138637931034483,3.8623793103448283
T1027_AlphaFold_casp2,HMDB0006725,LEU,60,CA,5.162279542734886,-8.7,0.8689302325581395,-2.957116279069767,2.1925813953488373,T1027_AlphaFold_casp3,HMDB0006725,LEU,60,CA,24.603490318617432,-5.3,14.29160465116279,-17.58620930232558,-5.44753488372093
T1027_AlphaFold_casp2,HMDB0006726,LYS,34,CA,3.895526580668055,-6.6,11.540591836734691,-16.122816326530607,-8.814448979591837,T1027_AlphaFold_casp3,HMDB0006726,LYS,34,CA,3.9159321279427037,-6.5,11.342367346938774,-16.53255102040816,-8.144632653061226
T1027_AlphaFold_casp2,HMDB0006727,VAL,14,CA,6.654289107192958,-4.5,-5.550019607843137,-20.402156862745095,2.6223529411764708,T1027_AlphaFold_casp3,HMDB0006727,VAL,14,CA,17.53197488524263,-3.9,7.293803921568626,-19.328392156862748,-13.411705882352944
T1027_AlphaFold_casp2,HMDB0006730,LEU,131,CA,6.317169675345712,-8.9,3.1440363636363653,-2.2148545454545454,2.328290909090909,T1027_AlphaFold_casp3,HMDB0006730,LEU,131,CA,27.475198654046874,-6.0,7.971399999999999,-16.708727272727277,-12.876436363636367
T1027_AlphaFold_casp2,HMDB0006731,MET,43,CA,5.649436398784103,-9.2,3.683102040816327,-4.675979591836735,1.3287959183673468,T1027_AlphaFold_casp3,HMDB0006731,MET,43,CA,12.748474353225975,-7.6,-0.8272857142857141,-12.174040816326528,-0.8340816326530611
T1027_AlphaFold_casp2,HMDB0006733,SER,61,CA,4.414608774693685,-8.3,0.056901960784314004,-9.281705882352943,-0.028294117647059146,T1027_AlphaFold_casp3,HMDB0006733,SER,61,CA,5.142903165305053,-9.0,1.4409215686274508,-5.972627450980388,2.0261960784313726
T1027_AlphaFold_casp2,HMDB0006734,PRO,36,CA,5.070022175705028,-5.3,14.35467346938775,-16.929102040816325,-5.017897959183673,T1027_AlphaFold_casp3,HMDB0006734,PRO,36,CA,16.74001048075767,-5.6,-3.438571428571428,-13.502285714285712,-2.7483469387755104
T1027_AlphaFold_casp2,HMDB0006736,SER,61,CA,5.500440298191516,-7.1,1.905428571428571,-5.016367346938775,1.3513673469387755,T1027_AlphaFold_casp3,HMDB0006736,SER,61,CA,5.388339167669315,-8.4,1.8090000000000002,-7.924285714285716,-1.1078367346938778
T1027_AlphaFold_casp2,HMDB0006737,LYS,33,CA,1.5372365555127692,-6.4,8.969882352941175,-11.611843137254908,-12.029411764705879,T1027_AlphaFold_casp3,HMDB0006737,LYS,33,CA,6.003028493054773,-5.0,10.132294117647058,-17.268627450980386,-11.077686274509803
T1027_AlphaFold_casp2,HMDB0006740,SER,61,CA,6.749675990619279,-8.2,3.2251224489795915,-4.465938775510206,-0.5849795918367345,T1027_AlphaFold_casp3,HMDB0006740,SER,61,CA,21.338561085087427,-4.8,9.97275510204082,-17.632489795918367,-12.460673469387755
T1027_AlphaFold_casp2,HMDB0006759,MET,43,CA,6.008998525648845,-8.4,3.9254583333333333,-2.0907916666666666,1.8581666666666667,T1027_AlphaFold_casp3,HMDB0006759,MET,43,CA,6.032808952378881,-8.4,3.8819166666666667,-2.0705,1.9181250000000005
T1027_AlphaFold_casp2,HMDB0006766,SER,61,CA,4.763632613229394,-8.8,-0.17184210526315782,-9.701736842105262,-1.4960263157894733,T1027_AlphaFold_casp3,HMDB0006766,SER,61,CA,6.716191448692091,-10.1,1.4948157894736842,-1.9658684210526316,1.805394736842105
T1027_AlphaFold_casp2,HMDB0006840,LEU,57,CA,5.560909819143746,-10.2,2.092935483870968,-3.4555483870967745,2.5907419354838708,T1027_AlphaFold_casp3,HMDB0006840,LEU,57,CA,5.199687724754592,-10.7,2.034612903225807,-3.716451612903225,2.977129032258065
T1027_AlphaFold_casp2,HMDB0006841,LEU,131,CA,4.922379409022975,-10.9,3.176758620689655,0.5102758620689655,1.631655172413793,T1027_AlphaFold_casp3,HMDB0006841,LEU,131,CA,4.937251261363545,-10.9,3.2321034482758617,0.49996551724137933,1.6116206896551728
T1027_AlphaFold_casp2,HMDB0006940,LEU,131,CA,5.1249071255358984,-6.5,1.605260869565217,1.5476521739130433,1.4578260869565218,T1027_AlphaFold_casp3,HMDB0006940,LEU,131,CA,4.506549047086875,-7.1,2.6097391304347823,1.9845217391304353,1.6151304347826088
T1027_AlphaFold_casp2,HMDB0007011,GLU,42,CA,6.82296125582491,-2.1,17.66146153846154,-8.528564102564099,8.377153846153846,T1027_AlphaFold_casp3,HMDB0007011,GLU,42,CA,17.55969900544243,-3.9,9.750128205128204,-5.433179487179488,-12.299435897435899
T1027_AlphaFold_casp2,HMDB0007012,ALA,115,CA,5.5541934520410425,-3.1,-14.344923076923077,8.234564102564102,2.7297435897435904,T1027_AlphaFold_casp3,HMDB0007012,ALA,115,CA,25.232112781991315,-3.0,-5.437230769230766,-18.89079487179487,3.529410256410256
T1027_AlphaFold_casp2,HMDB0007013,MET,43,CA,6.348616585967502,-5.5,3.012853658536585,-2.764,2.2804390243902444,T1027_AlphaFold_casp3,HMDB0007013,MET,43,CA,21.832361809907127,-2.3,-8.438853658536585,-11.797634146341466,-7.862658536585367
T1027_AlphaFold_casp2,HMDB0007014,ASP,83,CA,6.599508915130005,-2.9,7.60390243902439,-20.67646341463415,-12.544195121951217,T1027_AlphaFold_casp3,HMDB0007014,ASP,83,CA,18.32538721843368,-6.6,2.3665609756097563,-2.681317073170732,1.985439024390244
T1027_AlphaFold_casp2,HMDB0007015,ASN,17,CA,5.715203299941908,-2.7,2.292121951219512,-25.24651219512195,1.4576585365853647,T1027_AlphaFold_casp3,HMDB0007015,ASN,17,CA,13.758714579683216,-3.6,14.465243902439026,-11.754853658536582,5.553780487804878
T1027_AlphaFold_casp2,HMDB0007016,PRO,36,CA,5.165993672358067,-3.4,14.88334146341464,-16.468853658536588,-5.638853658536586,T1027_AlphaFold_casp3,HMDB0007016,PRO,36,CA,25.719161602347427,-2.6,8.360682926829266,7.954560975609759,12.042121951219514
T1027_AlphaFold_casp2,HMDB0007017,LEU,35,CA,4.601613462348931,-4.7,8.622926829268295,-7.670268292682925,-7.094195121951219,T1027_AlphaFold_casp3,HMDB0007017,LEU,35,CA,32.190280561169104,-2.9,-14.156487804878047,7.819975609756097,4.283951219512194
T1027_AlphaFold_casp2,HMDB0007018,ARG,76,CA,6.455419970661898,-5.7,3.8726585365853663,-4.450048780487805,-1.9440243902439016,T1027_AlphaFold_casp3,HMDB0007018,ARG,76,CA,20.1817071589323,-3.3,11.742951219512195,-17.57582926829268,-10.59270731707317
T1027_AlphaFold_casp2,HMDB0007020,GLY,90,CA,5.287541710746878,-2.0,-4.575790697674417,-16.68153488372093,-10.155325581395347,T1027_AlphaFold_casp3,HMDB0007020,GLY,90,CA,32.022039954565855,-1.6,6.815348837209304,7.935674418604654,14.80186046511628
T1027_AlphaFold_casp2,HMDB0007021,LEU,57,CA,5.658112887366877,-7.1,1.965279069767442,-3.525790697674419,2.2456279069767437,T1027_AlphaFold_casp3,HMDB0007021,LEU,57,CA,11.953944167719458,-5.7,5.277720930232558,-7.281813953488372,-3.574511627906977
T1027_AlphaFold_casp2,HMDB0007022,LYS,105,CA,6.564380597346967,-2.3,-14.023046511627902,6.629837209302326,-17.54139534883721,T1027_AlphaFold_casp3,HMDB0007022,LYS,105,CA,14.542921262284104,-3.7,-14.532837209302322,-2.809581395348836,0.8521860465116279
T1027_AlphaFold_casp2,HMDB0007023,MET,43,CA,5.902112237700523,-6.1,3.4421860465116283,-3.855069767441861,1.517325581395349,T1027_AlphaFold_casp3,HMDB0007023,MET,43,CA,18.30632407399742,-2.9,15.831372093023258,-19.5086511627907,-4.797069767441861
T1027_AlphaFold_casp2,HMDB0007024,LYS,84,CA,2.070836550901989,-3.5,3.840976744186046,-21.411860465116284,-7.804023255813953,T1027_AlphaFold_casp3,HMDB0007024,LYS,84,CA,14.89267610102271,-5.1,-0.5132325581395348,-7.9189302325581385,-0.600255813953488
T1027_AlphaFold_casp2,HMDB0007025,PRO,31,CA,3.969518719882288,-3.1,11.63774418604651,-6.651651162790699,-16.123488372093025,T1027_AlphaFold_casp3,HMDB0007025,PRO,31,CA,18.83882563421525,-6.6,2.662372093023256,-3.393069767441861,0.7606046511627907
T1027_AlphaFold_casp2,HMDB0007026,ALA,87,CA,6.455175746300795,-2.9,-1.1771162790697671,-23.76344186046511,-0.20055813953488366,T1027_AlphaFold_casp3,HMDB0007026,ALA,87,CA,9.714632032745175,-2.1,0.002581395348837018,-25.61223255813953,4.396999999999998
T1027_AlphaFold_casp2,HMDB0007029,GLY,89,CA,3.7360517487229497,-4.4,0.36017777777777776,-11.672666666666666,-2.0356444444444444,T1027_AlphaFold_casp3,HMDB0007029,GLY,89,CA,18.877360772714223,-2.2,18.13311111111111,-16.576733333333326,-4.406355555555556
T1027_AlphaFold_casp2,HMDB0007030,SER,61,CA,4.338694713082879,-6.6,0.7734888888888889,-5.2109555555555565,1.127511111111111,T1027_AlphaFold_casp3,HMDB0007030,SER,61,CA,23.57353658321127,-2.6,10.444311111111112,-21.984844444444448,-11.205688888888886
T1027_AlphaFold_casp2,HMDB0007031,CYS,59,CA,6.596956664933637,-2.9,-13.410333333333332,-6.274288888888888,3.0803333333333334,T1027_AlphaFold_casp3,HMDB0007031,CYS,59,CA,8.962128025209577,-5.5,0.1457777777777768,-5.884066666666666,-1.7504444444444447
T1027_AlphaFold_casp2,HMDB0007032,SER,61,CA,5.500738588612162,-6.2,2.1631333333333336,-6.124244444444443,0.942622222222222,T1027_AlphaFold_casp3,HMDB0007032,SER,61,CA,12.151185047608918,-3.3,-8.430599999999998,-16.08868888888889,4.9963999999999995
T1027_AlphaFold_casp2,HMDB0007033,ASN,17,CA,5.1410750742439415,-3.2,0.40826666666666683,-23.492533333333334,1.2176888888888884,T1027_AlphaFold_casp3,HMDB0007033,ASN,17,CA,33.333760016535784,-3.8,-12.865888888888888,8.992911111111113,4.674444444444445
T1027_AlphaFold_casp2,HMDB0007035,GLY,28,CA,2.9135554615959136,-2.7,10.758361702127658,-19.161617021276594,-17.60674468085107,T1027_AlphaFold_casp3,HMDB0007035,GLY,28,CA,12.294511694722956,-3.3,4.394680851063829,-9.51687234042553,-16.12372340425532
T1027_AlphaFold_casp2,HMDB0007036,ASP,106,CA,4.437869327804225,-2.7,-13.77542553191489,10.150638297872343,-15.148170212765963,T1027_AlphaFold_casp3,HMDB0007036,ASP,106,CA,7.906516042727461,-2.3,-11.374659574468087,8.342531914893616,-17.89863829787234
T1027_AlphaFold_casp2,HMDB0007040,LYS,34,CA,3.7668896335711257,-4.2,9.60128205128205,-15.337615384615386,-10.635230769230771,T1027_AlphaFold_casp3,HMDB0007040,LYS,34,CA,24.914399496585837,-3.6,-12.941974358974361,-5.753871794871796,1.1862307692307696
T1027_AlphaFold_casp2,HMDB0007041,LYS,33,CA,6.138941527460617,-4.0,10.418923076923079,-17.15507692307692,-12.355410256410256,T1027_AlphaFold_casp3,HMDB0007041,LYS,33,CA,16.395037302124905,-6.3,3.6989743589743593,-2.605512820512821,1.8777179487179485
T1027_AlphaFold_casp2,HMDB0007042,LYS,71,CA,2.7035785812792033,-3.2,-0.745439024390244,6.827195121951217,-16.247634146341458,T1027_AlphaFold_casp3,HMDB0007042,LYS,71,CA,25.035782277094043,-3.7,10.827853658536588,-17.26675609756098,-11.113731707317068
T1027_AlphaFold_casp2,HMDB0007043,LEU,60,CA,6.778585676346103,-6.6,2.313951219512195,-2.0464146341463407,1.1396341463414632,T1027_AlphaFold_casp3,HMDB0007043,LEU,60,CA,21.734763558887355,-3.3,-3.731414634146341,12.810609756097561,-12.494048780487804
T1027_AlphaFold_casp2,HMDB0007044,ASN,17,CA,7.9076907059527315,-2.2,-1.70019512195122,-25.622024390243894,3.1684878048780494,T1027_AlphaFold_casp3,HMDB0007044,ASN,17,CA,34.57246485664753,-2.5,-15.71209756097561,8.737195121951219,2.6601463414634146
T1027_AlphaFold_casp2,HMDB0007045,MET,43,CA,6.345008192611492,-6.2,3.1553170731707314,-3.3115365853658534,1.3858780487804878,T1027_AlphaFold_casp3,HMDB0007045,MET,43,CA,25.432686463348894,-3.7,-13.025390243902441,8.12782926829268,4.978975609756097
T1027_AlphaFold_casp2,HMDB0007049,MET,43,CA,6.523986360369451,-6.6,3.030651162790698,-2.7578837209302334,1.6738139534883725,T1027_AlphaFold_casp3,HMDB0007049,MET,43,CA,16.186444657192204,-2.9,16.474790697674415,5.47839534883721,-5.407302325581395
T1027_AlphaFold_casp2,HMDB0007050,LEU,37,CA,5.987034913203696,-2.7,14.776744186046514,-18.986209302325584,2.5145813953488365,T1027_AlphaFold_casp3,HMDB0007050,LEU,37,CA,14.694909312056401,-5.1,-1.2297209302325582,-8.877046511627908,-0.09693023255813933
T1027_AlphaFold_casp2,HMDB0007051,ALA,152,CA,4.186098668021331,-4.7,6.837674418604652,3.056325581395348,-0.31444186046511624,T1027_AlphaFold_casp3,HMDB0007051,ALA,152,CA,12.340395680075776,-7.0,2.047372093023256,-3.8548139534883723,2.126744186046512
T1027_AlphaFold_casp2,HMDB0007052,ALA,115,CA,7.265099148693438,-2.5,-13.25306976744186,11.829558139534884,1.6383023255813953,T1027_AlphaFold_casp3,HMDB0007052,ALA,115,CA,8.815182463407623,-2.4,-16.721720930232557,5.223209302325582,6.09279069767442
T1027_AlphaFold_casp2,HMDB0007053,ASP,118,CA,6.349060514260139,-2.7,-15.938325581395354,7.152837209302326,4.6749534883720925,T1027_AlphaFold_casp3,HMDB0007053,ASP,118,CA,24.976614290608918,-3.4,0.3866279069767441,-3.1614651162790706,-17.25679069767442
T1027_AlphaFold_casp2,HMDB0007057,PRO,36,CA,5.870547512775363,-3.3,13.502066666666668,-18.43426666666666,-3.1038444444444444,T1027_AlphaFold_casp3,HMDB0007057,PRO,36,CA,33.40016672366165,-2.7,-12.227355555555553,1.7993555555555554,-18.701066666666662
T1027_AlphaFold_casp2,HMDB0007058,ALA,115,CA,7.141780985264216,-2.6,-12.475822222222224,11.435022222222225,2.634377777777777,T1027_AlphaFold_casp3,HMDB0007058,ALA,115,CA,16.285566856287726,-6.9,2.238577777777778,-3.456088888888888,2.0526666666666666
T1027_AlphaFold_casp2,HMDB0007059,GLY,89,CA,4.891697262368825,-2.5,-4.2149777777777775,-17.149644444444444,-6.271044444444445,T1027_AlphaFold_casp3,HMDB0007059,GLY,89,CA,14.05856512008091,-6.4,3.5887555555555557,-2.3915777777777776,1.5315555555555556
T1027_AlphaFold_casp2,HMDB0007060,ALA,149,CA,6.911710118985673,-2.5,16.427222222222227,7.397022222222224,-3.69408888888889,T1027_AlphaFold_casp3,HMDB0007060,ALA,149,CA,26.004809071543043,-2.7,-10.903444444444442,-5.106688888888889,-16.461555555555556
T1027_AlphaFold_casp2,HMDB0007064,GLY,90,CA,2.8940034038028126,-3.0,-1.6574468085106377,-11.243553191489363,-5.712936170212766,T1027_AlphaFold_casp3,HMDB0007064,GLY,90,CA,25.700798596369967,-2.2,-6.303553191489361,-20.205170212765957,16.38791489361702
T1027_AlphaFold_casp2,HMDB0007065,LYS,68,CA,7.560403379080623,-1.9,-11.580425531914893,7.977446808510636,-18.321744680851058,T1027_AlphaFold_casp3,HMDB0007065,LYS,68,CA,33.11554080387199,-3.0,15.481680851063825,-17.966127659574465,-3.7906170212765966
T1027_AlphaFold_casp2,HMDB0007068,ASN,46,CA,6.0633328279295835,-3.1,14.516692307692312,0.03869230769230782,8.431153846153844,T1027_AlphaFold_casp3,HMDB0007068,ASN,46,CA,18.69783521714114,-4.3,-3.6810769230769225,-8.329692307692307,-4.389743589743588
T1027_AlphaFold_casp2,HMDB0007095,SER,61,CA,4.398338065339581,-6.4,0.8352307692307693,-5.778589743589744,1.4842820512820518,T1027_AlphaFold_casp3,HMDB0007095,SER,61,CA,22.186889913790978,-1.8,5.025102564102564,3.8763846153846147,-17.95120512820513
T1027_AlphaFold_casp2,HMDB0007096,LEU,131,CA,6.1909546671731315,-7.2,3.3966666666666674,-2.0958461538461544,2.3356923076923075,T1027_AlphaFold_casp3,HMDB0007096,LEU,131,CA,24.077790619770745,-3.2,3.9197948717948723,-4.597051282051281,-17.02546153846154
T1027_AlphaFold_casp2,HMDB0007098,ASP,118,CA,6.782131081009864,-2.8,-12.841000000000005,10.217,4.292999999999998,T1027_AlphaFold_casp3,HMDB0007098,ASP,118,CA,36.64056018493269,-2.6,16.639439024390242,-19.42570731707317,-3.7828536585365855
T1027_AlphaFold_casp2,HMDB0007099,ASN,17,CA,4.214899968892407,-3.3,1.210341463414634,-22.47375609756098,4.941243902439025,T1027_AlphaFold_casp3,HMDB0007099,ASN,17,CA,27.98004344781229,-3.4,-16.529,-4.197780487804879,-8.543024390243898
T1027_AlphaFold_casp2,HMDB0007100,PRO,145,CA,4.890191220832938,-2.0,14.15660465116279,2.923767441860465,-12.14858139534884,T1027_AlphaFold_casp3,HMDB0007100,PRO,145,CA,6.861920738323732,-3.5,8.203744186046514,-0.8684651162790696,-13.464534883720932
T1027_AlphaFold_casp2,HMDB0007101,LYS,84,CA,4.76988040855873,-2.9,0.24039534883720962,-23.725046511627905,-2.721,T1027_AlphaFold_casp3,HMDB0007101,LYS,84,CA,17.907651575445044,-6.0,2.939186046511628,-5.018093023255813,1.1652093023255818
T1027_AlphaFold_casp2,HMDB0007102,SER,61,CA,6.180418040227865,-5.4,2.722186046511628,-4.931255813953488,0.7473488372093022,T1027_AlphaFold_casp3,HMDB0007102,SER,61,CA,20.3621703486439,-2.8,13.455720930232555,-4.724023255813953,11.47013953488372
T1027_AlphaFold_casp2,HMDB0007103,LEU,57,CA,5.649769389608736,-6.7,1.4682093023255816,-3.5386046511627907,1.788953488372093,T1027_AlphaFold_casp3,HMDB0007103,LEU,57,CA,16.88293674447374,-3.5,14.200720930232555,-10.782093023255813,5.439720930232558
T1027_AlphaFold_casp2,HMDB0007104,ARG,27,CA,5.181761756751436,-2.8,11.839581395348839,-18.670023255813955,-11.793534883720932,T1027_AlphaFold_casp3,HMDB0007104,ARG,27,CA,24.816303092536533,-2.8,2.517697674418605,-21.79562790697675,5.526790697674419
T1027_AlphaFold_casp2,HMDB0007105,ASP,83,CA,4.618163627155524,-3.3,6.0283953488372095,-19.257953488372095,-11.663418604651163,T1027_AlphaFold_casp3,HMDB0007105,ASP,83,CA,35.03742615189332,-3.0,-13.462906976744188,9.993697674418604,3.9456046511627934
T1027_AlphaFold_casp2,HMDB0007106,ASP,118,CA,5.297881579601084,-3.5,-13.439279069767444,8.280511627906975,4.084720930232558,T1027_AlphaFold_casp3,HMDB0007106,ASP,118,CA,27.684044986987285,-3.0,8.028023255813952,-3.27206976744186,-15.170627906976746
T1027_AlphaFold_casp2,HMDB0007107,ALA,115,CA,6.555779725997697,-2.5,-14.210200000000002,10.452888888888884,1.9226888888888891,T1027_AlphaFold_casp3,HMDB0007107,ALA,115,CA,19.649815382175486,-4.4,4.024911111111113,-3.0029111111111098,-10.023066666666669
T1027_AlphaFold_casp2,HMDB0007108,LYS,163,CA,6.391187459596508,-2.5,-13.205044444444441,8.083755555555559,8.569755555555556,T1027_AlphaFold_casp3,HMDB0007108,LYS,163,CA,18.640636449593828,-2.7,-11.936955555555556,-8.883888888888889,4.782622222222221
T1027_AlphaFold_casp2,HMDB0007109,ALA,19,CA,6.545988749429247,-2.5,14.530711111111108,-20.732000000000003,1.696044444444445,T1027_AlphaFold_casp3,HMDB0007109,ALA,19,CA,8.423621732593833,-3.4,1.1708000000000007,-20.55433333333334,7.594377777777777
T1027_AlphaFold_casp2,HMDB0007110,PRO,145,CA,7.057490177529541,-2.8,13.502177777777774,-3.0623777777777805,-14.036622222222222,T1027_AlphaFold_casp3,HMDB0007110,PRO,145,CA,17.7444917979748,-5.0,-1.6214444444444436,0.40133333333333404,2.793644444444444
T1027_AlphaFold_casp2,HMDB0007111,GLY,89,CA,3.7691755006979646,-4.6,-0.3336444444444445,-12.494399999999995,-1.1171555555555557,T1027_AlphaFold_casp3,HMDB0007111,GLY,89,CA,10.863459374469109,-5.9,4.084577777777778,-4.804755555555555,-2.7041777777777782
T1027_AlphaFold_casp2,HMDB0007112,MET,43,CA,6.116695619428904,-6.3,3.203288888888889,-5.267955555555555,1.2006444444444448,T1027_AlphaFold_casp3,HMDB0007112,MET,43,CA,20.73127860703408,-2.9,-3.1120666666666668,-17.334622222222215,-7.963955555555556
T1027_AlphaFold_casp2,HMDB0007113,LEU,119,CA,5.974329771139269,-2.5,-15.799066666666668,-4.4537555555555555,3.4494888888888875,T1027_AlphaFold_casp3,HMDB0007113,LEU,119,CA,32.97036708469075,-3.8,14.80591111111111,-13.150244444444448,-8.736622222222222
T1027_AlphaFold_casp2,HMDB0007114,LEU,128,CA,4.969465118098728,-5.6,-1.7372222222222222,5.048444444444445,2.5328444444444447,T1027_AlphaFold_casp3,HMDB0007114,LEU,128,CA,10.564597539067409,-7.5,2.857977777777778,-3.9282666666666666,1.7850444444444444
T1027_AlphaFold_casp2,HMDB0007115,LYS,41,CA,5.816527211543469,-2.5,13.554361702127661,-13.979574468085108,8.735744680851065,T1027_AlphaFold_casp3,HMDB0007115,LYS,41,CA,19.379692807411637,-3.6,-4.1576382978723405,-12.87917021276596,-5.822148936170212
T1027_AlphaFold_casp2,HMDB0007116,ASP,83,CA,6.6295756681754066,-2.3,6.332659574468086,-21.84940425531915,-12.647510638297872,T1027_AlphaFold_casp3,HMDB0007116,ASP,83,CA,7.443795888430195,-2.9,9.119063829787235,-19.52097872340426,-12.81889361702128
T1027_AlphaFold_casp2,HMDB0007117,CYS,59,CA,6.348596121248288,-2.3,-12.82187234042553,-7.790851063829788,4.16327659574468,T1027_AlphaFold_casp3,HMDB0007117,CYS,59,CA,27.97981291848415,-2.0,15.637851063829784,7.752446808510639,-6.118553191489361
T1027_AlphaFold_casp2,HMDB0007118,THR,79,CA,7.144847849416261,-2.3,2.298787234042553,-6.062000000000001,-19.04525531914893,T1027_AlphaFold_casp3,HMDB0007118,THR,79,CA,10.718390543580977,-3.3,-10.854148936170212,-8.402276595744679,-10.359255319148938
T1027_AlphaFold_casp2,HMDB0007119,SER,61,CA,4.52351631679009,-4.6,-1.7046382978723402,-10.450872340425532,-1.1916170212765957,T1027_AlphaFold_casp3,HMDB0007119,SER,61,CA,5.9701034574318745,-5.9,1.8383617021276595,-3.3260425531914892,0.7984255319148937
T1027_AlphaFold_casp2,HMDB0007120,LYS,84,CA,6.045826718661971,-2.3,0.9770000000000001,-26.100404255319155,-2.70268085106383,T1027_AlphaFold_casp3,HMDB0007120,LYS,84,CA,11.493752853242755,-4.9,-0.5973829787234044,-11.604893617021277,-1.027936170212766
T1027_AlphaFold_casp2,HMDB0007121,ALA,19,CA,3.955958156810267,-3.3,9.532,-19.136446808510637,5.833808510638297,T1027_AlphaFold_casp3,HMDB0007121,ALA,19,CA,16.866328482803077,-2.8,-5.831340425531914,-16.036553191489364,-4.053063829787234
T1027_AlphaFold_casp2,HMDB0007124,LYS,34,CA,4.976229446968433,-4.0,11.328846153846156,-17.807076923076924,-7.954307692307694,T1027_AlphaFold_casp3,HMDB0007124,LYS,34,CA,5.9899953414559555,-3.5,13.722641025641025,-16.43146153846154,-9.816051282051282
T1027_AlphaFold_casp2,HMDB0007125,SER,61,CA,4.966362532022207,-6.0,1.7,-6.547384615384615,0.4134358974358973,T1027_AlphaFold_casp3,HMDB0007125,SER,61,CA,20.98909933425557,-3.8,12.618384615384612,-17.83658974358974,-7.628333333333333
T1027_AlphaFold_casp2,HMDB0007127,LEU,144,CA,3.563934489132996,-4.2,9.297243902439023,-4.764146341463416,-8.380243902439027,T1027_AlphaFold_casp3,HMDB0007127,LEU,144,CA,23.64378472070611,-2.9,-6.118073170731708,-17.55360975609756,0.16207317073170757
T1027_AlphaFold_casp2,HMDB0007128,ASP,83,CA,6.1017587716230715,-3.8,8.130317073170731,-18.514414634146338,-12.079073170731705,T1027_AlphaFold_casp3,HMDB0007128,ASP,83,CA,15.48235742761287,-3.1,9.62170731707317,-6.176878048780488,-15.710414634146346
T1027_AlphaFold_casp2,HMDB0007129,LEU,119,CA,3.936469698867596,-3.0,-16.16402325581395,1.3237209302325579,3.0524651162790706,T1027_AlphaFold_casp3,HMDB0007129,LEU,119,CA,15.560411879976916,-6.6,1.8269069767441857,-5.2403023255813945,1.3675348837209302
T1027_AlphaFold_casp2,HMDB0007130,PRO,145,CA,4.503843095751889,-3.8,11.24360465116279,-1.6380465116279062,-11.886767441860464,T1027_AlphaFold_casp3,HMDB0007130,PRO,145,CA,11.718802510548297,-4.0,4.7553488372093025,-7.474232558139533,-11.835418604651165
T1027_AlphaFold_casp2,HMDB0007131,LYS,84,CA,4.120854606503298,-2.6,1.0309302325581395,-24.980860465116283,-4.923581395348837,T1027_AlphaFold_casp3,HMDB0007131,LYS,84,CA,12.230863056000823,-3.7,13.601348837209306,-16.037139534883725,-7.417999999999998
T1027_AlphaFold_casp2,HMDB0007132,GLU,42,CA,4.955871728734633,-2.7,16.03411627906977,-6.5107674418604615,8.219581395348838,T1027_AlphaFold_casp3,HMDB0007132,GLU,42,CA,10.760314228916817,-5.5,5.2708604651162805,-6.567162790697675,-3.1138372093023245
T1027_AlphaFold_casp2,HMDB0007133,ASP,118,CA,5.459357253704902,-3.1,-14.563348837209304,7.529279069767442,4.414651162790698,T1027_AlphaFold_casp3,HMDB0007133,ASP,118,CA,34.46981950440568,-3.1,16.09713953488372,-16.226186046511625,-4.596232558139535
T1027_AlphaFold_casp2,HMDB0007134,ASP,83,CA,6.173330237585084,-2.9,6.364999999999998,-20.833767441860463,-12.699348837209305,T1027_AlphaFold_casp3,HMDB0007134,ASP,83,CA,34.121604188877036,-2.8,-13.551093023255817,8.787186046511625,3.946534883720931
T1027_AlphaFold_casp2,HMDB0007136,GLY,92,CA,6.849859342919219,-1.2,-7.258377777777774,-15.844688888888886,-13.241977777777775,T1027_AlphaFold_casp3,HMDB0007136,GLY,92,CA,18.838917258250532,-3.4,13.392933333333334,-10.774288888888886,-11.908444444444445
T1027_AlphaFold_casp2,HMDB0007137,SER,61,CA,2.2792787853254293,-5.3,-1.133333333333334,-6.348533333333332,-0.9509111111111112,T1027_AlphaFold_casp3,HMDB0007137,SER,61,CA,13.494884024165561,-3.4,-2.0962,-19.379688888888886,-3.374333333333334
T1027_AlphaFold_casp2,HMDB0007138,LYS,41,CA,6.094388869877268,-2.0,15.455244444444443,-10.372333333333334,9.860355555555554,T1027_AlphaFold_casp3,HMDB0007138,LYS,41,CA,21.812178059747342,-3.5,-10.5262,-9.994466666666666,4.897311111111112
T1027_AlphaFold_casp2,HMDB0007139,CYS,136,CA,5.568504714646205,-2.6,16.077422222222218,7.202311111111112,-1.5037555555555548,T1027_AlphaFold_casp3,HMDB0007139,CYS,136,CA,28.94942996083488,-1.9,-8.972644444444445,-15.056466666666672,5.062155555555555
T1027_AlphaFold_casp2,HMDB0007140,MET,43,CA,6.318448642733768,-6.0,3.0350444444444444,-5.250333333333332,1.0857333333333332,T1027_AlphaFold_casp3,HMDB0007140,MET,43,CA,19.435064959366997,-3.2,5.97662222222222,-3.0509777777777787,-15.157822222222226
T1027_AlphaFold_casp2,HMDB0007141,TYR,80,CA,4.367049839507299,-4.4,3.7405111111111107,-7.202111111111112,-10.002777777777778,T1027_AlphaFold_casp3,HMDB0007141,TYR,80,CA,14.607764021341866,-6.2,3.475044444444445,-3.8002,1.4854888888888889
T1027_AlphaFold_casp2,HMDB0007142,SER,61,CA,3.459202160279018,-5.0,-1.2614666666666663,-8.429933333333336,-2.001688888888889,T1027_AlphaFold_casp3,HMDB0007142,SER,61,CA,8.560014103397865,-6.3,4.751711111111112,-3.938622222222222,-1.9871555555555556
T1027_AlphaFold_casp2,HMDB0007144,HIS,62,CA,7.893377201409433,-2.1,-11.938893617021275,-12.35689361702128,0.641936170212766,T1027_AlphaFold_casp3,HMDB0007144,HIS,62,CA,17.152916839802298,-3.0,0.7472127659574468,-21.298297872340424,-6.097978723404254
T1027_AlphaFold_casp2,HMDB0007145,LEU,128,CA,5.867379752131831,-5.0,-1.6796808510638301,4.231872340425531,1.5458723404255317,T1027_AlphaFold_casp3,HMDB0007145,LEU,128,CA,27.46511123934817,-3.1,-0.13265957446808488,-18.765085106382976,-7.647106382978728
T1027_AlphaFold_casp2,HMDB0007146,LYS,71,CA,7.209102547070497,-1.8,2.5491489361702127,0.05238297872340436,-19.38929787234042,T1027_AlphaFold_casp3,HMDB0007146,LYS,71,CA,19.110751936325055,-6.2,2.7019787234042556,-5.167872340425532,1.1570425531914892
T1027_AlphaFold_casp2,HMDB0007147,ILE,91,CA,3.4450001941522967,-4.0,-4.520319148936169,-9.708382978723401,-5.755936170212766,T1027_AlphaFold_casp3,HMDB0007147,ILE,91,CA,25.356794515011266,-2.8,-14.620765957446817,7.618212765957446,5.603382978723405
T1027_AlphaFold_casp2,HMDB0007148,PRO,67,CA,4.4652015015083,-2.6,-8.93068085106383,3.1055319148936174,-18.684978723404257,T1027_AlphaFold_casp3,HMDB0007148,PRO,67,CA,31.789670446874236,-3.4,14.702106382978727,-18.803617021276594,-2.921510638297874
T1027_AlphaFold_casp2,HMDB0007149,PRO,67,CA,6.8517723904768495,-2.5,-1.993787234042553,-1.8587234042553185,-19.438638297872338,T1027_AlphaFold_casp3,HMDB0007149,PRO,67,CA,13.419172710358154,-4.7,-3.4552127659574454,-8.882765957446809,-7.252212765957447
T1027_AlphaFold_casp2,HMDB0007153,SER,61,CA,5.088988590231369,-5.3,1.7066341463414636,-6.0291707317073175,1.0855853658536585,T1027_AlphaFold_casp3,HMDB0007153,SER,61,CA,22.48962195036976,-2.9,-5.205439024390244,9.42990243902439,-15.985
T1027_AlphaFold_casp2,HMDB0007154,LEU,128,CA,5.323352723567375,-5.4,-0.34656097560975646,2.825365853658538,2.252878048780488,T1027_AlphaFold_casp3,HMDB0007154,LEU,128,CA,6.38235788739988,-4.8,-3.2994390243902436,5.059780487804877,1.5087560975609757
T1027_AlphaFold_casp2,HMDB0007156,SER,61,CA,6.133914926327074,-5.8,2.7100465116279073,-5.242348837209303,0.9398837209302328,T1027_AlphaFold_casp3,HMDB0007156,SER,61,CA,17.258271540486614,-3.1,-0.41899999999999993,-23.342,0.9084651162790696
T1027_AlphaFold_casp2,HMDB0007157,GLY,32,CA,2.3999993215926563,-4.2,8.019255813953487,-7.514883720930232,-12.970116279069765,T1027_AlphaFold_casp3,HMDB0007157,GLY,32,CA,21.525217029136623,-3.0,-14.18472093023256,-6.39788372093023,-9.688883720930235
T1027_AlphaFold_casp2,HMDB0007158,ALA,45,CA,6.5595857715499815,-2.4,15.659866666666666,-2.424088888888889,9.546155555555552,T1027_AlphaFold_casp3,HMDB0007158,ALA,45,CA,11.22192754400789,-5.8,2.447488888888889,-5.207644444444441,0.8853555555555556
T1027_AlphaFold_casp2,HMDB0007159,GLY,92,CA,3.2821312291607256,-2.6,-5.156177777777778,-10.63442222222222,-14.021133333333333,T1027_AlphaFold_casp3,HMDB0007159,GLY,92,CA,19.708702473554954,-3.3,14.06868888888889,-7.155977777777776,-12.752222222222223
T1027_AlphaFold_casp2,HMDB0007160,LYS,33,CA,4.539525211536208,-3.9,6.429133333333332,-14.15297777777778,-12.133511111111112,T1027_AlphaFold_casp3,HMDB0007160,LYS,33,CA,24.45389846975097,-3.9,-4.648844444444444,4.267711111111112,1.6144888888888889
T1027_AlphaFold_casp2,HMDB0007161,MET,43,CA,6.857844371067178,-6.4,3.5756444444444444,-1.8495111111111107,0.7443111111111111,T1027_AlphaFold_casp3,HMDB0007161,MET,43,CA,23.082222974166413,-2.6,3.209177777777778,-18.502933333333335,-14.035644444444443
T1027_AlphaFold_casp2,HMDB0007162,GLU,85,CA,5.140188300052838,-2.3,2.3529999999999998,-25.667000000000012,-3.2126,T1027_AlphaFold_casp3,HMDB0007162,GLU,85,CA,27.184114324171563,-2.5,-14.586622222222223,-6.075577777777778,0.6710444444444447
T1027_AlphaFold_casp2,HMDB0007163,LYS,84,CA,6.680872362569002,-1.9,-1.3573333333333333,-25.349066666666673,-2.533622222222222,T1027_AlphaFold_casp3,HMDB0007163,LYS,84,CA,8.017171314030811,-2.8,7.508422222222224,-20.002288888888895,-12.337711111111112
T1027_AlphaFold_casp2,HMDB0007164,ALA,19,CA,3.9962192832726275,-2.7,9.949488888888888,-21.097222222222225,6.759222222222221,T1027_AlphaFold_casp3,HMDB0007164,ALA,19,CA,18.102069585424633,-3.1,-7.6008000000000004,-13.717466666666665,-0.0834666666666666
T1027_AlphaFold_casp2,HMDB0007165,ALA,100,CA,4.398196422710999,-3.1,-16.21708510638298,-0.013042553191488596,0.8083829787234041,T1027_AlphaFold_casp3,HMDB0007165,ALA,100,CA,15.716333129432897,-3.6,-4.657255319148936,3.397234042553191,2.108978723404255
T1027_AlphaFold_casp2,HMDB0007166,ASN,10,CA,3.061791918160541,-2.8,2.0496382978723404,-19.87089361702128,8.905234042553191,T1027_AlphaFold_casp3,HMDB0007166,ASN,10,CA,10.466512680401223,-2.2,-6.8294255319148975,-21.578936170212764,3.057595744680852
T1027_AlphaFold_casp2,HMDB0007167,ASP,122,CA,5.307118476131109,-1.7,-9.144659574468086,-3.866553191489362,16.023276595744683,T1027_AlphaFold_casp3,HMDB0007167,ASP,122,CA,36.1372943268172,-1.9,8.08308510638298,-24.697531914893613,-12.354808510638298
T1027_AlphaFold_casp2,HMDB0007168,LYS,71,CA,2.807223643303461,-2.7,0.3630000000000001,5.382489361702127,-17.221297872340426,T1027_AlphaFold_casp3,HMDB0007168,LYS,71,CA,24.861914743926484,-3.0,16.04612765957447,-13.511234042553191,-12.761702127659573
T1027_AlphaFold_casp2,HMDB0007169,ILE,91,CA,5.240386800765641,-4.3,2.0791702127659577,-8.971829787234043,-5.903382978723403,T1027_AlphaFold_casp3,HMDB0007169,ILE,91,CA,16.66158439903851,-3.4,13.295170212765957,-10.627425531914891,-13.886553191489364
T1027_AlphaFold_casp2,HMDB0007170,ALA,19,CA,8.929563441474565,-1.2,12.512914893617015,-18.009212765957447,10.078893617021274,T1027_AlphaFold_casp3,HMDB0007170,ALA,19,CA,14.879533629676303,-3.8,12.822148936170214,-16.611404255319155,-9.961999999999998
T1027_AlphaFold_casp2,HMDB0007171,SER,61,CA,3.9879461353498478,-5.7,0.7207021276595744,-6.0771702127659575,0.3254893617021278,T1027_AlphaFold_casp3,HMDB0007171,SER,61,CA,24.116412662078105,-2.5,13.642382978723399,-23.054531914893616,4.096787234042553
T1027_AlphaFold_casp2,HMDB0007172,ARG,48,CA,3.2147131324219873,-2.8,5.285148936170213,-2.658404255319148,15.05661702127659,T1027_AlphaFold_casp3,HMDB0007172,ARG,48,CA,27.406596212915936,-3.0,-13.689957446808508,11.354468085106385,0.039234042553191475
T1027_AlphaFold_casp2,HMDB0007176,LEU,144,CA,4.848391956336219,-4.4,7.751367346938773,-5.378755102040818,-8.504285714285714,T1027_AlphaFold_casp3,HMDB0007176,LEU,144,CA,20.416057177351554,-2.1,10.72373469387755,-7.380408163265307,13.486591836734695
T1027_AlphaFold_casp2,HMDB0007179,PHE,9,CA,7.538978979276914,-2.3,-5.19673469387755,-14.820428571428572,13.183428571428573,T1027_AlphaFold_casp3,HMDB0007179,PHE,9,CA,16.900994110148876,-6.4,2.4065918367346937,-4.9331632653061215,1.221061224489796
T1027_AlphaFold_casp2,HMDB0007182,ALA,100,CA,7.503302599645318,-2.8,-15.767634146341459,-6.210048780487806,0.7600975609756095,T1027_AlphaFold_casp3,HMDB0007182,ALA,100,CA,31.615722179946296,-3.8,5.318341463414636,-18.27287804878049,-10.968268292682925
T1027_AlphaFold_casp2,HMDB0007183,MET,43,CA,6.613918635171667,-5.8,4.296536585365852,-5.761926829268291,-0.9598292682926831,T1027_AlphaFold_casp3,HMDB0007183,MET,43,CA,22.23496627961646,-3.4,7.484682926829266,-18.46,-13.784195121951218
T1027_AlphaFold_casp2,HMDB0007185,ASP,83,CA,5.9322201619880435,-2.9,5.880441860465117,-18.82141860465116,-13.281651162790697,T1027_AlphaFold_casp3,HMDB0007185,ASP,83,CA,15.958694220227127,-6.3,1.831302325581395,-5.132720930232558,1.2793720930232557
T1027_AlphaFold_casp2,HMDB0007186,LYS,49,CA,6.228585203053161,-2.1,9.036976744186045,5.388116279069767,13.680674418604646,T1027_AlphaFold_casp3,HMDB0007186,LYS,49,CA,28.990757132922134,-3.6,12.509813953488372,-15.777767441860462,-11.53606976744186
T1027_AlphaFold_casp2,HMDB0007187,LEU,119,CA,5.664429909531938,-2.6,-15.30042222222222,-3.8507777777777785,1.6274888888888894,T1027_AlphaFold_casp3,HMDB0007187,LEU,119,CA,17.474373298697216,-5.0,3.159266666666667,-5.823533333333333,-0.8726000000000003
T1027_AlphaFold_casp2,HMDB0007188,GLY,92,CA,2.9485371548583568,-3.4,-5.6132,-10.89404444444444,-8.203577777777781,T1027_AlphaFold_casp3,HMDB0007188,GLY,92,CA,13.680520603082254,-6.1,1.2036000000000002,-6.422377777777781,0.6481555555555556
T1027_AlphaFold_casp2,HMDB0007189,GLU,111,CA,3.7937165933444863,-3.6,-10.4038,10.938311111111114,-1.5416222222222218,T1027_AlphaFold_casp3,HMDB0007189,GLU,111,CA,12.958361529982422,-3.0,-13.34728888888889,5.800599999999999,7.175822222222222
T1027_AlphaFold_casp2,HMDB0007190,ALA,115,CA,7.031150243675337,-2.5,-15.178422222222217,10.866999999999999,0.8186444444444441,T1027_AlphaFold_casp3,HMDB0007190,ALA,115,CA,7.384057587251863,-2.6,-14.663844444444438,7.306911111111111,5.423555555555555
T1027_AlphaFold_casp2,HMDB0007191,LEU,119,CA,3.1521511746193775,-3.2,-15.243577777777778,-0.7769777777777771,3.233733333333334,T1027_AlphaFold_casp3,HMDB0007191,LEU,119,CA,24.92153266992766,-3.0,4.248933333333334,11.618733333333335,-10.849622222222223
T1027_AlphaFold_casp2,HMDB0007192,PRO,145,CA,4.589420714622105,-3.7,14.195444444444444,-2.590066666666667,-10.758777777777777,T1027_AlphaFold_casp3,HMDB0007192,PRO,145,CA,16.94430062461369,-3.5,6.589311111111113,-13.942177777777776,-14.487199999999998
T1027_AlphaFold_casp2,HMDB0007193,SER,61,CA,4.291066824099677,-7.1,0.9688888888888891,-5.941422222222223,0.6678222222222219,T1027_AlphaFold_casp3,HMDB0007193,SER,61,CA,20.612373417709836,-2.9,-12.642022222222218,11.989111111111113,0.4996222222222223
T1027_AlphaFold_casp2,HMDB0007194,LYS,68,CA,4.711960780168206,-2.7,-6.930872340425533,8.50540425531915,-17.166255319148934,T1027_AlphaFold_casp3,HMDB0007194,LYS,68,CA,20.9137284792773,-5.1,1.1070212765957452,-8.727744680851064,-0.07765957446808541
T1027_AlphaFold_casp2,HMDB0007195,VAL,134,CA,4.611110628782798,-4.2,7.117893617021279,3.2527872340425525,0.6840638297872337,T1027_AlphaFold_casp3,HMDB0007195,VAL,134,CA,25.39213958969405,-2.7,14.989042553191492,-20.015106382978725,-0.25040425531914884
T1027_AlphaFold_casp2,HMDB0007196,VAL,14,CA,6.304440272525508,-2.2,-4.480723404255319,-20.19706382978723,-0.8934893617021278,T1027_AlphaFold_casp3,HMDB0007196,VAL,14,CA,13.514189951233714,-6.5,3.4824893617021275,-3.0499148936170215,1.142063829787234
T1027_AlphaFold_casp2,HMDB0007197,MET,43,CA,6.702320248997104,-6.6,5.014551020408164,-4.834346938775511,-1.6428979591836728,T1027_AlphaFold_casp3,HMDB0007197,MET,43,CA,25.555128534084623,-3.1,-9.029510204081632,11.856979591836739,-3.209102040816327
T1027_AlphaFold_casp2,HMDB0007198,PRO,36,CA,6.975704541294896,-2.4,17.61646808510638,-17.935063829787232,-3.7370851063829775,T1027_AlphaFold_casp3,HMDB0007198,PRO,36,CA,6.6864204185822445,-4.0,11.51331914893617,-16.1494255319149,-8.009829787234043
T1027_AlphaFold_casp2,HMDB0007199,SER,61,CA,5.835024879432339,-7.0,2.238872340425531,-4.636999999999999,0.9905531914893614,T1027_AlphaFold_casp3,HMDB0007199,SER,61,CA,22.90335675617811,-2.5,3.0952553191489356,9.504085106382977,-15.349893617021275
T1027_AlphaFold_casp2,HMDB0007200,PRO,67,CA,3.298741941149095,-3.8,-3.551063829787232,0.8903829787234047,-16.813340425531923,T1027_AlphaFold_casp3,HMDB0007200,PRO,67,CA,8.116477118426625,-3.1,1.2415531914893614,3.6198936170212774,-16.37791489361702
T1027_AlphaFold_casp2,HMDB0007201,ALA,15,CA,4.816804017025573,-5.2,-1.1856382978723414,-10.714382978723403,0.21774468085106385,T1027_AlphaFold_casp3,HMDB0007201,ALA,15,CA,12.582823214129103,-4.1,-8.584063829787233,-8.070468085106382,-1.028531914893617
T1027_AlphaFold_casp2,HMDB0007206,LEU,119,CA,8.034517622928764,-1.9,-15.371061224489798,-6.66069387755102,1.6342653061224492,T1027_AlphaFold_casp3,HMDB0007206,LEU,119,CA,22.840946180521744,-3.5,-5.350632653061229,1.5203061224489793,-17.763265306122445
T1027_AlphaFold_casp2,HMDB0007207,HIS,62,CA,7.834592312337727,-2.8,-14.682183673469385,-7.01473469387755,-1.5826734693877549,T1027_AlphaFold_casp3,HMDB0007207,HIS,62,CA,11.837741508940226,-2.9,-4.563816326530613,-16.981244897959183,-6.714285714285712
T1027_AlphaFold_casp2,HMDB0007208,LEU,37,CA,6.694491388884719,-2.8,14.996959183673464,-19.764122448979588,2.152020408163266,T1027_AlphaFold_casp3,HMDB0007208,LEU,37,CA,13.26540705784205,-6.0,1.8615714285714289,-5.882979591836737,0.7110408163265306
T1027_AlphaFold_casp2,HMDB0007211,SER,61,CA,6.252542487310395,-6.1,2.9711951219512196,-6.129024390243902,0.626829268292683,T1027_AlphaFold_casp3,HMDB0007211,SER,61,CA,4.93084419415012,-6.3,1.0329024390243904,-7.140487804878049,2.2560000000000007
T1027_AlphaFold_casp2,HMDB0007212,LYS,33,CA,5.7573719200119475,-3.5,9.245975609756098,-16.409975609756096,-13.303902439024395,T1027_AlphaFold_casp3,HMDB0007212,LYS,33,CA,14.577982420061401,-5.0,2.904243902439024,-4.7962195121951225,0.4838780487804877
T1027_AlphaFold_casp2,HMDB0007214,GLU,42,CA,4.795609387447165,-3.0,16.40216279069768,-6.043581395348837,7.44455813953488,T1027_AlphaFold_casp3,HMDB0007214,GLU,42,CA,18.808236172312036,-2.5,1.0007441860465118,4.043418604651163,16.2903023255814
T1027_AlphaFold_casp2,HMDB0007215,GLY,32,CA,3.1367105445932455,-4.0,7.128906976744187,-6.830674418604651,-14.215255813953483,T1027_AlphaFold_casp3,HMDB0007215,GLY,32,CA,24.451564239320035,-3.1,-13.095162790697675,-7.086325581395348,1.092581395348837
T1027_AlphaFold_casp2,HMDB0007216,GLU,42,CA,6.327971957102572,-2.0,16.202244444444446,-4.77711111111111,9.8368,T1027_AlphaFold_casp3,HMDB0007216,GLU,42,CA,24.526451574887652,-2.4,8.670155555555555,-20.631066666666673,-14.318600000000005
T1027_AlphaFold_casp2,HMDB0007217,SER,61,CA,4.609652667186407,-6.8,1.1519333333333324,-6.157044444444443,1.3177111111111113,T1027_AlphaFold_casp3,HMDB0007217,SER,61,CA,3.864077170841986,-5.0,-0.6810888888888886,-9.237155555555553,-0.22748888888888888
T1027_AlphaFold_casp2,HMDB0007218,CYS,59,CA,6.603668263796387,-2.5,-12.458333333333334,-8.51113333333333,5.761377777777778,T1027_AlphaFold_casp3,HMDB0007218,CYS,59,CA,10.422832845912247,-3.4,-2.8279777777777775,-12.285066666666669,-3.0554666666666663
T1027_AlphaFold_casp2,HMDB0007219,SER,61,CA,5.8737003446520335,-5.8,2.499266666666666,-6.5862444444444455,1.1590888888888888,T1027_AlphaFold_casp3,HMDB0007219,SER,61,CA,18.585055417607872,-3.5,-13.355400000000001,8.410933333333336,4.9573333333333345
T1027_AlphaFold_casp2,HMDB0007220,ALA,115,CA,6.134424156339089,-2.8,-15.147111111111114,9.58393333333333,1.1318444444444447,T1027_AlphaFold_casp3,HMDB0007220,ALA,115,CA,26.753907861723306,-1.9,-5.473844444444444,-20.659377777777777,-3.851466666666666
T1027_AlphaFold_casp2,HMDB0007221,GLY,55,CA,5.339867165222577,-2.9,-9.517977777777777,-10.314577777777775,7.310088888888886,T1027_AlphaFold_casp3,HMDB0007221,GLY,55,CA,12.091768637291146,-6.3,2.882111111111111,-6.492422222222222,1.0246222222222223
T1027_AlphaFold_casp2,HMDB0007222,CYS,59,CA,5.4327016063560585,-3.7,-11.442688888888888,-8.478822222222222,3.280755555555556,T1027_AlphaFold_casp3,HMDB0007222,CYS,59,CA,19.979329016897243,-2.9,-0.3988888888888892,-24.433044444444445,2.940866666666666
T1027_AlphaFold_casp2,HMDB0007223,PHE,9,CA,5.408083544957865,-3.1,-3.6684680851063836,-21.26521276595745,3.5343617021276588,T1027_AlphaFold_casp3,HMDB0007223,PHE,9,CA,16.540419622129996,-2.4,7.705255319148939,-7.745361702127662,14.70112765957447
T1027_AlphaFold_casp2,HMDB0007224,ARG,147,CA,6.362343502679197,-4.2,6.815510638297872,-0.05665957446808555,0.04174468085106367,T1027_AlphaFold_casp3,HMDB0007224,ARG,147,CA,15.67592856216506,-2.9,12.276808510638297,-8.679829787234045,-16.60082978723404
T1027_AlphaFold_casp2,HMDB0007225,GLU,81,CA,1.4163162006956977,-3.7,0.30814893617021333,-15.356085106382979,-11.219382978723408,T1027_AlphaFold_casp3,HMDB0007225,GLU,81,CA,10.12604143907648,-3.5,8.149978723404253,-8.36691489361702,-14.510489361702131
T1027_AlphaFold_casp2,HMDB0007226,ALA,149,CA,7.480681598363734,-2.0,15.451999999999998,9.413957446808515,-2.382936170212765,T1027_AlphaFold_casp3,HMDB0007226,ALA,149,CA,25.376361586503005,-3.1,14.965234042553192,-18.21785106382979,-2.3501914893617024
T1027_AlphaFold_casp2,HMDB0007227,HIS,62,CA,7.9039916567233135,-3.1,-14.65897872340425,-7.182893617021279,-0.21927659574468106,T1027_AlphaFold_casp3,HMDB0007227,HIS,62,CA,18.906721539354244,-3.2,1.6344680851063835,-22.484127659574465,4.543297872340426
T1027_AlphaFold_casp2,HMDB0007228,ALA,115,CA,6.1379008695319435,-2.9,-13.560765957446808,9.38791489361702,3.136851063829787,T1027_AlphaFold_casp3,HMDB0007228,ALA,115,CA,19.24246543795333,-4.6,7.44748936170213,0.5758936170212771,-0.31317021276595775
T1027_AlphaFold_casp2,HMDB0007229,PRO,31,CA,2.1625644081449407,-4.3,7.316914893617024,-7.812659574468085,-14.783191489361704,T1027_AlphaFold_casp3,HMDB0007229,PRO,31,CA,38.07443728464449,-2.7,-12.790085106382977,11.4153829787234,7.94551063829787
T1027_AlphaFold_casp2,HMDB0007230,LYS,34,CA,5.139736550100249,-3.8,12.394191489361699,-17.296468085106387,-8.095680851063827,T1027_AlphaFold_casp3,HMDB0007230,LYS,34,CA,34.267900547006114,-2.8,-13.312234042553186,10.462787234042551,2.6467659574468083
T1027_AlphaFold_casp2,HMDB0007235,LEU,37,CA,4.798430612869408,-3.2,14.486714285714287,-17.913632653061224,-0.07538775510204151,T1027_AlphaFold_casp3,HMDB0007235,LEU,37,CA,22.942273025478396,-3.3,-5.985387755102041,-21.022897959183673,12.127918367346943
T1027_AlphaFold_casp2,HMDB0007236,PHE,72,CA,5.794034969718485,-2.8,3.0275918367346932,11.236530612244897,-11.664918367346937,T1027_AlphaFold_casp3,HMDB0007236,PHE,72,CA,17.42646538961435,-4.5,-4.619591836734694,-6.7590612244897965,-1.8227346938775515
T1027_AlphaFold_casp2,HMDB0007237,LYS,34,CA,6.371510964769456,-3.7,11.815224489795918,-19.110183673469386,-6.802632653061224,T1027_AlphaFold_casp3,HMDB0007237,LYS,34,CA,17.930414754774006,-1.7,-8.746285714285712,-13.380938775510206,-6.371734693877553
T1027_AlphaFold_casp2,HMDB0007240,ALA,47,CA,4.041630109902522,-5.2,2.616560975609756,-5.006536585365853,6.203414634146341,T1027_AlphaFold_casp3,HMDB0007240,ALA,47,CA,7.5037845923380155,-6.3,1.876243902439024,-3.7518780487804873,1.7416341463414633
T1027_AlphaFold_casp2,HMDB0007241,TRP,143,CA,2.0765626928868737,-4.4,12.986707317073177,-5.117804878048783,-8.341609756097562,T1027_AlphaFold_casp3,HMDB0007241,TRP,143,CA,16.1124697762602,-5.1,-1.0856341463414634,-9.563073170731707,-1.4560731707317072
T1027_AlphaFold_casp2,HMDB0007243,ILE,58,CA,6.792403887633748,-3.0,-9.207976744186048,-12.91153488372093,5.092534883720928,T1027_AlphaFold_casp3,HMDB0007243,ILE,58,CA,28.439387805293194,-2.9,-13.966999999999995,7.735186046511629,-16.92923255813953
T1027_AlphaFold_casp2,HMDB0007244,LEU,131,CA,5.855075934153189,-6.7,2.2610697674418603,-1.4952325581395345,2.4288604651162795,T1027_AlphaFold_casp3,HMDB0007244,LEU,131,CA,19.746478493671415,-4.1,13.182744186046511,-14.38244186046512,4.811418604651162
T1027_AlphaFold_casp2,HMDB0007245,ASP,8,CA,6.011207679569354,-2.2,-1.482111111111111,-16.756400000000003,15.139288888888892,T1027_AlphaFold_casp3,HMDB0007245,ASP,8,CA,35.814740266771395,-3.0,1.9796444444444445,-0.6405555555555557,-17.33191111111111
T1027_AlphaFold_casp2,HMDB0007246,LYS,84,CA,4.870062878951182,-2.8,-1.9880222222222221,-20.060466666666667,-5.750266666666666,T1027_AlphaFold_casp3,HMDB0007246,LYS,84,CA,13.968943690068205,-3.2,15.590022222222224,-16.09431111111111,-5.3460888888888904
T1027_AlphaFold_casp2,HMDB0007247,MET,43,CA,6.469635042314268,-7.0,2.782488888888888,-3.919977777777777,1.542688888888889,T1027_AlphaFold_casp3,HMDB0007247,MET,43,CA,20.20795993130393,-3.9,4.244177777777779,-8.93268888888889,-15.373888888888887
T1027_AlphaFold_casp2,HMDB0007248,LYS,84,CA,6.554475258332947,-2.4,-3.6594444444444436,-21.88168888888889,-4.515200000000001,T1027_AlphaFold_casp3,HMDB0007248,LYS,84,CA,19.409662628319566,-6.8,2.885288888888889,-3.548622222222223,1.5546888888888888
T1027_AlphaFold_casp2,HMDB0007249,MET,43,CA,6.366932395191444,-5.9,3.651622222222223,-4.604000000000001,0.07259999999999989,T1027_AlphaFold_casp3,HMDB0007249,MET,43,CA,21.437550466505048,-2.7,-4.015133333333333,-22.350355555555563,2.2943555555555553
T1027_AlphaFold_casp2,HMDB0007250,GLU,93,CA,6.844781768779937,-1.9,-12.76931111111111,-9.747355555555554,-14.327488888888894,T1027_AlphaFold_casp3,HMDB0007250,GLU,93,CA,34.576762648359484,-2.5,-5.9648,-21.60942222222223,17.73002222222222
T1027_AlphaFold_casp2,HMDB0007252,GLU,85,CA,6.804861449357551,-2.4,1.907978723404255,-26.675404255319158,-1.4694255319148934,T1027_AlphaFold_casp3,HMDB0007252,GLU,85,CA,25.601137710420293,-4.3,7.860978723404258,2.358148936170212,-0.09778723404255325
T1027_AlphaFold_casp2,HMDB0007253,HIS,78,CA,6.789991402484433,-2.7,2.6431489361702125,-2.719787234042553,-17.835553191489357,T1027_AlphaFold_casp3,HMDB0007253,HIS,78,CA,18.59154961524109,-3.5,-6.63417021276596,13.282255319148936,-10.93595744680851
T1027_AlphaFold_casp2,HMDB0007254,MET,43,CA,6.447180482878849,-6.7,2.7931489361702124,-3.8337446808510647,1.6224680851063826,T1027_AlphaFold_casp3,HMDB0007254,MET,43,CA,24.219385552516016,-2.3,7.129893617021276,-21.948361702127663,-13.38887234042553
T1027_AlphaFold_casp2,HMDB0007255,ALA,25,CA,6.964844740476321,-2.9,14.334723404255321,-17.952,-8.345234042553193,T1027_AlphaFold_casp3,HMDB0007255,ALA,25,CA,27.24665429725815,-6.5,2.3611914893617016,-4.6218085106382985,1.5539574468085107
T1027_AlphaFold_casp2,HMDB0007256,GLU,42,CA,6.37196522825391,-2.8,17.47542553191489,-3.869957446808511,7.972531914893614,T1027_AlphaFold_casp3,HMDB0007256,GLU,42,CA,15.71102013451928,-5.5,-1.3055531914893614,1.753659574468085,3.421106382978723
T1027_AlphaFold_casp2,HMDB0007257,LEU,37,CA,6.936945865976438,-2.3,17.39012765957447,-18.31948936170213,-0.8685744680851064,T1027_AlphaFold_casp3,HMDB0007257,LEU,37,CA,13.461170380005866,-5.5,-0.6535319148936168,-12.691085106382982,-0.9290851063829786
T1027_AlphaFold_casp2,HMDB0007258,LYS,163,CA,6.6478440714338864,-3.1,-13.022829787234041,10.169255319148935,5.68804255319149,T1027_AlphaFold_casp3,HMDB0007258,LYS,163,CA,35.88620599318536,-2.2,-0.8695531914893622,-25.28631914893617,-1.6239148936170216
T1027_AlphaFold_casp2,HMDB0007262,ALA,149,CA,3.53511937269102,-2.4,12.484122448979594,7.885244897959185,-9.459836734693877,T1027_AlphaFold_casp3,HMDB0007262,ALA,149,CA,11.294139416065352,-5.1,6.060877551020407,0.5111428571428576,1.610306122448979
T1027_AlphaFold_casp2,HMDB0007263,VAL,14,CA,5.0520605091145825,-3.4,-5.380897959183672,-15.79136734693878,-0.2554489795918361,T1027_AlphaFold_casp3,HMDB0007263,VAL,14,CA,17.518822061376135,-1.9,-8.711632653061226,-6.7717551020408155,14.457755102040817
T1027_AlphaFold_casp2,HMDB0007264,GLY,75,CA,6.062528017462321,-5.4,6.067612244897959,-6.121571428571428,-7.033530612244897,T1027_AlphaFold_casp3,HMDB0007264,GLY,75,CA,18.211808437366955,-4.3,11.901428571428575,-17.309653061224484,-7.5561020408163255
T1027_AlphaFold_casp2,HMDB0007265,LEU,144,CA,5.0887219961337875,-4.8,6.3375306122449,-3.8317755102040816,-4.242551020408165,T1027_AlphaFold_casp3,HMDB0007265,LEU,144,CA,25.552648892242967,-3.0,-13.20369387755102,-6.842999999999998,1.4111020408163268
T1027_AlphaFold_casp2,HMDB0007269,LYS,34,CA,4.4054318737946705,-4.2,11.860341463414631,-16.827170731707316,-7.675536585365854,T1027_AlphaFold_casp3,HMDB0007269,LYS,34,CA,8.085030670828965,-3.5,4.772146341463414,-18.15590243902439,-12.276878048780485
T1027_AlphaFold_casp2,HMDB0007272,ALA,100,CA,6.724945278788831,-2.4,-16.363720930232557,-5.277697674418606,1.181139534883721,T1027_AlphaFold_casp3,HMDB0007272,ALA,100,CA,35.72471999174202,-3.9,12.029418604651168,-16.000581395348835,-9.590302325581394
T1027_AlphaFold_casp2,HMDB0007273,CYS,59,CA,4.855256568628964,-3.6,-10.799348837209305,-8.146906976744182,5.051232558139535,T1027_AlphaFold_casp3,HMDB0007273,CYS,59,CA,18.72760123009414,-3.2,-0.42127906976744184,-22.79718604651163,0.37800000000000017
T1027_AlphaFold_casp2,HMDB0007274,PRO,36,CA,7.259973786301007,-3.0,16.210044444444442,-18.964111111111112,-4.485311111111111,T1027_AlphaFold_casp3,HMDB0007274,PRO,36,CA,30.392970481314006,-2.2,-16.342999999999996,-5.993377777777776,-0.9091555555555554
T1027_AlphaFold_casp2,HMDB0007275,LEU,37,CA,4.456650513613763,-3.0,16.274866666666668,-15.87953333333333,-0.25517777777777795,T1027_AlphaFold_casp3,HMDB0007275,LEU,37,CA,22.96139026394816,-3.0,-10.145111111111111,-10.943177777777779,1.924177777777778
T1027_AlphaFold_casp2,HMDB0007276,LYS,41,CA,5.678813878110654,-2.2,14.351799999999994,-13.034933333333333,8.924133333333332,T1027_AlphaFold_casp3,HMDB0007276,LYS,41,CA,13.719615302456814,-2.0,2.4132222222222217,-9.720888888888886,15.9409111111111
T1027_AlphaFold_casp2,HMDB0007277,PRO,36,CA,6.307235287732238,-3.6,14.902711111111113,-17.037511111111105,-6.79568888888889,T1027_AlphaFold_casp3,HMDB0007277,PRO,36,CA,13.418232993603043,-4.9,0.023777777777777773,-11.513066666666665,-0.8235111111111113
T1027_AlphaFold_casp2,HMDB0007281,LEU,57,CA,6.123897355983229,-7.6,2.6234042553191497,-3.8639787234042564,2.069638297872341,T1027_AlphaFold_casp3,HMDB0007281,LEU,57,CA,23.786627079132515,-3.8,14.660212765957445,-6.669574468085107,-11.215148936170214
T1027_AlphaFold_casp2,HMDB0007282,PRO,36,CA,6.331947460344371,-2.8,16.403319148936173,-17.84729787234044,-4.258638297872341,T1027_AlphaFold_casp3,HMDB0007282,PRO,36,CA,30.365079661172214,-3.3,-0.9068510638297874,13.11672340425532,-10.392085106382977
T1027_AlphaFold_casp2,HMDB0007283,ASP,118,CA,5.492300486189924,-3.2,-12.29127659574468,9.003659574468085,4.738723404255318,T1027_AlphaFold_casp3,HMDB0007283,ASP,118,CA,29.169633687704675,-3.2,-0.07999999999999993,-21.21748936170213,-6.576744680851064
T1027_AlphaFold_casp2,HMDB0007284,LYS,68,CA,6.582821213542895,-3.0,-11.169808510638298,8.141021276595746,-16.77908510638298,T1027_AlphaFold_casp3,HMDB0007284,LYS,68,CA,13.891522463812512,-3.5,-13.196170212765963,-6.076297872340427,-9.807574468085106
T1027_AlphaFold_casp2,HMDB0007285,GLY,89,CA,7.7795023401260766,-1.9,-5.300063829787235,-20.66410638297872,-4.736531914893617,T1027_AlphaFold_casp3,HMDB0007285,GLY,89,CA,14.574410283858047,-3.6,-8.841212765957446,-8.435617021276595,6.101808510638297
T1027_AlphaFold_casp2,HMDB0007290,GLY,89,CA,3.2488436646009786,-3.8,-2.370244897959184,-12.601489795918367,-2.306285714285714,T1027_AlphaFold_casp3,HMDB0007290,GLY,89,CA,17.440885263156773,-2.9,16.23757142857143,-17.261387755102042,-0.8572857142857137
T1027_AlphaFold_casp2,HMDB0007292,LEU,144,CA,6.665350236866149,-5.8,5.489306122448982,-5.840265306122451,-4.231938775510205,T1027_AlphaFold_casp3,HMDB0007292,LEU,144,CA,28.33163489071903,-2.4,-15.291122448979594,-7.3811224489795935,3.6902857142857153
T1027_AlphaFold_casp2,HMDB0007298,ASP,83,CA,6.6681305285206935,-2.9,9.127731707317075,-19.278707317073174,-11.656951219512194,T1027_AlphaFold_casp3,HMDB0007298,ASP,83,CA,26.25677292779515,-2.8,-16.98756097560975,-4.4035609756097545,0.42541463414634145
T1027_AlphaFold_casp2,HMDB0007301,LYS,34,CA,5.1789246927290185,-4.4,11.579906976744185,-17.881418604651163,-8.152697674418604,T1027_AlphaFold_casp3,HMDB0007301,LYS,34,CA,32.67162381417472,-3.6,-13.115767441860466,6.120744186046511,6.399976744186049
T1027_AlphaFold_casp2,HMDB0007302,ALA,87,CA,5.183316861096864,-2.7,-1.1700930232558135,-22.01120930232557,-0.5629534883720935,T1027_AlphaFold_casp3,HMDB0007302,ALA,87,CA,12.813937069271542,-3.8,11.699906976744183,-17.795279069767446,-11.313581395348834
T1027_AlphaFold_casp2,HMDB0007303,PHE,72,CA,5.3411468826206585,-3.5,-1.800822222222222,12.13071111111111,-11.665199999999999,T1027_AlphaFold_casp3,HMDB0007303,PHE,72,CA,27.526642639719338,-3.3,15.679422222222218,-15.076711111111113,-10.056444444444445
T1027_AlphaFold_casp2,HMDB0007304,CYS,59,CA,7.5328727117453695,-2.3,-14.096511111111113,-6.991866666666667,2.1268888888888893,T1027_AlphaFold_casp3,HMDB0007304,CYS,59,CA,25.317667384644782,-3.0,10.49228888888889,3.168377777777779,-12.417199999999998
T1027_AlphaFold_casp2,HMDB0007305,PRO,36,CA,6.695950477013499,-2.9,14.880333333333336,-18.68308888888889,-4.891222222222222,T1027_AlphaFold_casp3,HMDB0007305,PRO,36,CA,30.483674193424655,-2.7,-16.463044444444446,-6.029533333333332,-3.990666666666667
T1027_AlphaFold_casp2,HMDB0007306,LEU,131,CA,6.128568016940957,-7.2,3.3939333333333335,-1.7111333333333332,1.929222222222222,T1027_AlphaFold_casp3,HMDB0007306,LEU,131,CA,12.730003258715753,-3.2,16.37108888888889,2.3751999999999995,3.528911111111111
T1027_AlphaFold_casp2,HMDB0007310,ASP,83,CA,3.6341305550782805,-3.4,5.152340425531915,-17.75474468085106,-11.12144680851064,T1027_AlphaFold_casp3,HMDB0007310,ASP,83,CA,19.278575583230577,-3.9,5.533468085106382,-0.8535531914893615,0.6244042553191488
T1027_AlphaFold_casp2,HMDB0007311,ASN,46,CA,4.92795677400895,-3.5,11.320276595744684,2.0976595744680853,9.356553191489363,T1027_AlphaFold_casp3,HMDB0007311,ASN,46,CA,22.574079196933077,-3.1,8.53,0.2837021276595748,-14.499106382978722
T1027_AlphaFold_casp2,HMDB0007312,LYS,33,CA,2.0481696529136277,-4.6,9.127893617021275,-12.748595744680848,-12.035170212765955,T1027_AlphaFold_casp3,HMDB0007312,LYS,33,CA,11.964288071882864,-2.6,10.664127659574469,-22.304085106382978,-15.266148936170211
T1027_AlphaFold_casp2,HMDB0007313,ILE,98,CA,7.881945191758508,-3.1,-14.39242553191489,-8.118276595744682,-4.444702127659575,T1027_AlphaFold_casp3,HMDB0007313,ILE,98,CA,32.28122480912091,-2.7,5.3313617021276585,-15.155553191489362,12.571319148936173
T1027_AlphaFold_casp2,HMDB0007314,ALA,50,CA,5.040351367614028,-3.1,4.804680851063829,5.214765957446809,14.597829787234042,T1027_AlphaFold_casp3,HMDB0007314,ALA,50,CA,30.31091174211521,-3.7,4.642659574468086,-19.514978723404248,-10.63689361702128
T1027_AlphaFold_casp2,HMDB0007319,LEU,35,CA,5.6248648785658935,-5.6,6.719591836734693,-6.873795918367349,-3.7884285714285713,T1027_AlphaFold_casp3,HMDB0007319,LEU,35,CA,30.559289518417646,-1.1,3.430061224489795,8.819285714285714,17.524775510204083
T1027_AlphaFold_casp2,HMDB0007321,PHE,9,CA,5.7119734277203795,-3.4,0.7935102040816323,-24.227265306122444,6.3731632653061245,T1027_AlphaFold_casp3,HMDB0007321,PHE,9,CA,38.43205956445865,-2.6,-11.881857142857143,6.909938775510204,-17.581510204081635
T1027_AlphaFold_casp2,HMDB0007330,ALA,47,CA,3.8237357705304325,-5.8,3.651279069767442,-4.570581395348838,5.426674418604652,T1027_AlphaFold_casp3,HMDB0007330,ALA,47,CA,21.182697897285884,-2.3,-12.447813953488371,-9.09118604651163,-1.6083720930232561
T1027_AlphaFold_casp2,HMDB0007332,ARG,48,CA,3.311563377389768,-4.2,4.231688888888891,-5.799666666666664,9.852288888888888,T1027_AlphaFold_casp3,HMDB0007332,ARG,48,CA,7.240768340309244,-2.6,5.416822222222221,-10.928666666666667,13.519244444444444
T1027_AlphaFold_casp2,HMDB0007333,PRO,74,CA,6.916963001594853,-2.5,3.1493111111111105,-0.34833333333333305,-17.792955555555555,T1027_AlphaFold_casp3,HMDB0007333,PRO,74,CA,23.531205177449166,-3.1,10.766000000000004,-20.079177777777787,-9.61822222222222
T1027_AlphaFold_casp2,HMDB0007334,ASN,17,CA,5.003656456069937,-3.1,1.9982888888888886,-24.557155555555553,3.0975777777777784,T1027_AlphaFold_casp3,HMDB0007334,ASN,17,CA,21.373799638013033,-1.9,5.695622222222222,-4.844688888888889,17.84064444444445
T1027_AlphaFold_casp2,HMDB0007339,ASN,17,CA,5.292604972910382,-3.1,0.600531914893617,-24.139659574468087,3.0780212765957433,T1027_AlphaFold_casp3,HMDB0007339,ASN,17,CA,35.37360305307535,-3.0,-14.252787234042552,10.50748936170213,0.2782340425531922
T1027_AlphaFold_casp2,HMDB0007340,GLU,42,CA,5.0957530795471175,-3.1,15.514042553191494,-4.701723404255319,8.734829787234043,T1027_AlphaFold_casp3,HMDB0007340,GLU,42,CA,10.861918559079017,-6.4,2.274829787234043,-5.652659574468086,0.7551489361702127
T1027_AlphaFold_casp2,HMDB0007341,ARG,27,CA,6.877643982605621,-3.5,9.395787234042553,-18.362297872340427,-12.442978723404249,T1027_AlphaFold_casp3,HMDB0007341,ARG,27,CA,25.89867992094098,-6.9,1.8477446808510638,-4.444255319148937,1.2485319148936167
T1027_AlphaFold_casp2,HMDB0007347,ARG,76,CA,6.595796759998647,-5.8,5.19130612244898,-4.920020408163264,-3.015734693877552,T1027_AlphaFold_casp3,HMDB0007347,ARG,76,CA,20.839835898003773,-3.1,10.299285714285714,-18.50610204081633,-12.577979591836728
T1027_AlphaFold_casp2,HMDB0007349,SER,61,CA,4.197110352705341,-5.6,-3.348591836734694,-8.049428571428574,-3.909408163265306,T1027_AlphaFold_casp3,HMDB0007349,SER,61,CA,18.37076615639219,-3.9,5.6894693877551035,-14.793020408163263,-13.728816326530612
T1027_AlphaFold_casp2,HMDB0007356,GLY,92,CA,3.8051369591629776,-3.1,-6.509697674418604,-12.603790697674418,-8.710162790697678,T1027_AlphaFold_casp3,HMDB0007356,GLY,92,CA,7.379234036752897,-2.6,-4.141837209302325,-16.288604651162785,-7.824255813953487
T1027_AlphaFold_casp2,HMDB0007357,SER,61,CA,5.110562562554822,-5.3,1.3058837209302327,-8.588093023255812,-0.735558139534884,T1027_AlphaFold_casp3,HMDB0007357,SER,61,CA,21.296597015580296,-3.0,15.503116279069763,-16.367534883720932,1.2820697674418602
T1027_AlphaFold_casp2,HMDB0007359,SER,61,CA,4.992294013876553,-5.1,1.740955555555556,-6.660999999999999,-0.2563111111111111,T1027_AlphaFold_casp3,HMDB0007359,SER,61,CA,17.292597177355155,-2.8,-0.12200000000000034,-23.3114,-1.2725777777777778
T1027_AlphaFold_casp2,HMDB0007360,ALA,45,CA,5.761214027153187,-2.6,13.81422222222222,-1.4643111111111113,10.778377777777775,T1027_AlphaFold_casp3,HMDB0007360,ALA,45,CA,22.81816146308803,-3.4,14.080266666666667,-11.362200000000003,-12.208333333333334
T1027_AlphaFold_casp2,HMDB0007361,GLY,75,CA,6.201048824458144,-3.0,6.567765957446808,-2.1375319148936174,-14.978808510638299,T1027_AlphaFold_casp3,HMDB0007361,GLY,75,CA,7.459842441873864,-5.5,4.570000000000002,-4.754255319148935,-3.032148936170213
T1027_AlphaFold_casp2,HMDB0007362,LYS,29,CA,5.03138736801189,-3.2,13.570595744680853,-12.500340425531913,-14.206595744680849,T1027_AlphaFold_casp3,HMDB0007362,LYS,29,CA,24.003344434857354,-6.2,3.26787234042553,-4.4860425531914885,1.0716170212765956
T1027_AlphaFold_casp2,HMDB0007363,ILE,91,CA,7.263901784378139,-5.7,3.2880425531914903,-7.543638297872338,-4.510978723404255,T1027_AlphaFold_casp3,HMDB0007363,ILE,91,CA,21.515957075044042,-2.8,17.256361702127656,-17.04502127659574,-4.087021276595745
T1027_AlphaFold_casp2,HMDB0007364,GLY,164,CA,4.698553044366839,-2.7,-11.80610638297873,5.756425531914893,8.788829787234043,T1027_AlphaFold_casp3,HMDB0007364,GLY,164,CA,15.739740529779118,-6.2,2.9053829787234036,-3.086085106382979,0.8232978723404257
T1027_AlphaFold_casp2,HMDB0007365,ASP,118,CA,5.660967354153308,-2.7,-14.294148936170211,6.857595744680851,7.068170212765959,T1027_AlphaFold_casp3,HMDB0007365,ASP,118,CA,12.123368842860689,-2.5,-15.630638297872343,-4.909702127659575,-2.617446808510641
T1027_AlphaFold_casp2,HMDB0007366,PRO,31,CA,6.648490313936261,-2.9,8.768191489361703,-2.377787234042553,-15.094425531914899,T1027_AlphaFold_casp3,HMDB0007366,PRO,31,CA,30.312002218343068,-2.2,-14.341659574468087,-5.891489361702129,3.518957446808512
T1027_AlphaFold_casp2,HMDB0007367,LEU,37,CA,4.3749260565697226,-3.1,12.062382978723402,-17.826659574468085,1.9844042553191485,T1027_AlphaFold_casp3,HMDB0007367,LEU,37,CA,19.091130876140447,-3.0,-3.766574468085107,-21.08323404255319,7.250021276595746
T1027_AlphaFold_casp2,HMDB0007373,PRO,67,CA,4.425055129228298,-2.4,-7.478204081632654,-0.6239795918367343,-19.21755102040816,T1027_AlphaFold_casp3,HMDB0007373,PRO,67,CA,27.286308309585678,-2.2,-6.1565102040816315,-20.160387755102043,1.3984285714285716
T1027_AlphaFold_casp2,HMDB0007374,ASP,118,CA,5.885248302550527,-3.0,-12.890163265306121,9.223469387755099,3.681734693877551,T1027_AlphaFold_casp3,HMDB0007374,ASP,118,CA,24.595332748189623,-1.9,-6.622612244897961,-19.135408163265303,-3.7879387755102036
T1027_AlphaFold_casp2,HMDB0007385,ALA,15,CA,4.353026528436761,-4.6,-0.21393023255813948,-10.748883720930234,-0.565906976744186,T1027_AlphaFold_casp3,HMDB0007385,ALA,15,CA,10.991446025979599,-6.6,2.9010465116279063,-2.8247674418604665,1.9831860465116273
T1027_AlphaFold_casp2,HMDB0007386,LYS,84,CA,3.580872619734878,-3.1,2.0528837209302324,-24.23055813953489,-3.9993023255813953,T1027_AlphaFold_casp3,HMDB0007386,LYS,84,CA,15.963335874251994,-4.1,7.58118604651163,-7.825651162790699,-12.93172093023256
T1027_AlphaFold_casp2,HMDB0007388,SER,61,CA,4.01860964569146,-5.1,0.6776888888888886,-7.2379555555555575,0.05608888888888861,T1027_AlphaFold_casp3,HMDB0007388,SER,61,CA,12.673426976547288,-2.7,-7.323888888888892,-12.066066666666668,10.468155555555553
T1027_AlphaFold_casp2,HMDB0007389,LEU,30,CA,4.280350869545594,-3.7,7.346333333333333,-14.199755555555553,-14.59446666666667,T1027_AlphaFold_casp3,HMDB0007389,LEU,30,CA,17.183546757405775,-3.2,9.098777777777775,4.259533333333332,-13.41231111111111
T1027_AlphaFold_casp2,HMDB0007390,ALA,87,CA,6.632326165105575,-2.5,-2.508872340425532,-22.61378723404255,-0.31014893617021244,T1027_AlphaFold_casp3,HMDB0007390,ALA,87,CA,10.834036219432893,-4.2,-0.7673404255319148,-8.977765957446806,-0.408127659574468
T1027_AlphaFold_casp2,HMDB0007391,PHE,9,CA,7.078011449241928,-2.6,-7.357893617021278,-15.143595744680852,9.085914893617021,T1027_AlphaFold_casp3,HMDB0007391,PHE,9,CA,6.8452703126822865,-2.5,-6.150425531914892,-20.732297872340425,3.114851063829787
T1027_AlphaFold_casp2,HMDB0007392,ASP,8,CA,4.261556460369407,-2.2,1.3588297872340427,-23.867361702127656,14.16808510638298,T1027_AlphaFold_casp3,HMDB0007392,ASP,8,CA,17.332551505434708,-5.4,0.3443404255319149,-9.258063829787233,-0.545191489361702
T1027_AlphaFold_casp2,HMDB0007393,PHE,72,CA,6.339953503991565,-2.6,-1.0848297872340424,13.105468085106375,-13.187595744680852,T1027_AlphaFold_casp3,HMDB0007393,PHE,72,CA,24.51338369583245,-2.8,6.165106382978724,-15.895000000000007,-17.71412765957447
T1027_AlphaFold_casp2,HMDB0007394,ALA,87,CA,6.874256969667032,-2.7,-0.11119148936170192,-24.89817021276595,0.0034255319148938446,T1027_AlphaFold_casp3,HMDB0007394,ALA,87,CA,26.516916026677517,-1.9,-3.348638297872341,-2.781638297872341,17.794468085106384
T1027_AlphaFold_casp2,HMDB0007395,LYS,34,CA,6.013134901910483,-3.8,9.303808510638298,-17.275276595744682,-12.022255319148933,T1027_AlphaFold_casp3,HMDB0007395,LYS,34,CA,10.415487531128388,-2.7,2.9708297872340426,-18.095787234042554,-14.379106382978717
T1027_AlphaFold_casp2,HMDB0007396,PRO,67,CA,6.057427994276101,-2.6,-10.014361702127662,-1.7102127659574466,-19.241468085106387,T1027_AlphaFold_casp3,HMDB0007396,PRO,67,CA,13.06537311325251,-4.0,5.622212765957447,-3.504829787234043,-14.707297872340424
T1027_AlphaFold_casp2,HMDB0007400,LYS,33,CA,5.456657124101942,-3.6,11.290265306122448,-15.768918367346936,-13.348510204081634,T1027_AlphaFold_casp3,HMDB0007400,LYS,33,CA,19.304699868404143,-3.1,-2.812061224489795,-21.01675510204082,0.40291836734693837
T1027_AlphaFold_casp2,HMDB0007401,GLY,126,CA,3.4486097292324116,-2.6,2.2769387755102035,7.010244897959185,14.595204081632657,T1027_AlphaFold_casp3,HMDB0007401,GLY,126,CA,33.23320949650466,-2.2,14.753979591836735,-5.572224489795918,-14.622714285714284
T1027_AlphaFold_casp2,HMDB0007404,GLY,130,CA,5.303515971988728,-2.5,6.384346938775512,7.5976122448979595,13.13791836734694,T1027_AlphaFold_casp3,HMDB0007404,GLY,130,CA,10.930153589735614,-4.4,2.6467142857142854,-5.816102040816327,8.100489795918367
T1027_AlphaFold_casp2,HMDB0007414,MET,43,CA,6.313225503494808,-5.8,3.2517906976744193,-4.774767441860465,0.7272093023255817,T1027_AlphaFold_casp3,HMDB0007414,MET,43,CA,18.646946924008866,-2.8,-7.242395348837208,-14.643116279069767,1.8013023255813954
T1027_AlphaFold_casp2,HMDB0007415,SER,61,CA,5.777417976751922,-6.4,2.3407209302325582,-6.373093023255814,-1.5778604651162786,T1027_AlphaFold_casp3,HMDB0007415,SER,61,CA,22.100570341600083,-3.1,15.182558139534889,-16.52686046511628,-6.816000000000001
T1027_AlphaFold_casp2,HMDB0007417,LYS,68,CA,4.758576157727108,-2.9,-7.835266666666667,9.2098,-15.390733333333335,T1027_AlphaFold_casp3,HMDB0007417,LYS,68,CA,32.07839518117305,-2.8,1.3680888888888887,-24.574933333333334,-4.136822222222223
T1027_AlphaFold_casp2,HMDB0007418,ASP,118,CA,5.51698946214619,-3.1,-13.123555555555555,8.651111111111112,4.8857333333333335,T1027_AlphaFold_casp3,HMDB0007418,ASP,118,CA,15.950536713072125,-5.5,1.4869111111111117,-6.109222222222223,0.8436666666666668
T1027_AlphaFold_casp2,HMDB0007419,LEU,60,CA,6.210459726792192,-6.9,1.8875531914893617,-3.0695957446808513,1.38668085106383,T1027_AlphaFold_casp3,HMDB0007419,LEU,60,CA,11.981448479382674,-3.1,-8.062787234042554,-14.12368085106383,-1.4304680851063836
T1027_AlphaFold_casp2,HMDB0007420,ILE,91,CA,5.602589707897453,-4.6,1.2118936170212768,-7.802212765957447,-4.630319148936171,T1027_AlphaFold_casp3,HMDB0007420,ILE,91,CA,25.14384351722047,-2.8,16.328574468085108,5.657680851063831,-1.5657021276595746
T1027_AlphaFold_casp2,HMDB0007421,PHE,72,CA,4.887803548270186,-2.7,-1.4287446808510638,10.290446808510639,-15.412531914893622,T1027_AlphaFold_casp3,HMDB0007421,PHE,72,CA,6.61257580660507,-3.3,5.342021276595743,6.222872340425531,-14.322808510638302
T1027_AlphaFold_casp2,HMDB0007422,SER,61,CA,3.9379566431480333,-5.4,-1.9360212765957443,-9.957617021276597,-0.944404255319149,T1027_AlphaFold_casp3,HMDB0007422,SER,61,CA,10.612690532094751,-4.1,0.5635106382978725,-9.524042553191489,9.308297872340425
T1027_AlphaFold_casp2,HMDB0007423,GLY,28,CA,5.883212113411327,-3.3,8.930404255319148,-17.503340425531917,-14.197787234042552,T1027_AlphaFold_casp3,HMDB0007423,GLY,28,CA,27.928671794883957,-3.1,-4.1767872340425525,-22.854191489361707,3.04868085106383
T1027_AlphaFold_casp2,HMDB0007424,ALA,115,CA,7.017516272039463,-2.7,-14.099297872340424,11.342000000000002,1.2841702127659576,T1027_AlphaFold_casp3,HMDB0007424,ALA,115,CA,7.295030902209525,-2.7,-16.276808510638297,7.788787234042553,3.8281276595744673
T1027_AlphaFold_casp2,HMDB0007425,SER,61,CA,6.065469040130106,-6.6,2.327021276595745,-4.443489361702129,1.4101063829787235,T1027_AlphaFold_casp3,HMDB0007425,SER,61,CA,21.88426696784205,-2.3,5.777914893617024,4.190361702127659,-17.007085106382977
T1027_AlphaFold_casp2,HMDB0007428,PHE,72,CA,5.18523952340057,-2.4,-1.3357551020408165,10.250163265306123,-15.870693877551016,T1027_AlphaFold_casp3,HMDB0007428,PHE,72,CA,25.546294439942653,-2.9,-2.8258571428571426,-18.255,-7.947142857142857
T1027_AlphaFold_casp2,HMDB0007431,PRO,145,CA,4.127832177200526,-3.4,12.094530612244897,-0.17210204081632594,-12.22261224489796,T1027_AlphaFold_casp3,HMDB0007431,PRO,145,CA,19.78285791923725,-3.3,15.511163265306125,-18.122448979591837,-3.0782857142857134
T1027_AlphaFold_casp2,HMDB0007432,LEU,144,CA,4.392834562553073,-4.2,8.206020408163266,-5.784591836734694,-7.024020408163264,T1027_AlphaFold_casp3,HMDB0007432,LEU,144,CA,27.99180142141463,-3.2,-14.492387755102037,-2.5633061224489775,5.8550204081632655
T1027_AlphaFold_casp2,HMDB0007433,SER,61,CA,5.500476381587917,-6.1,2.254795918367347,-6.274510204081632,0.20614285714285713,T1027_AlphaFold_casp3,HMDB0007433,SER,61,CA,3.365391637816472,-4.7,-1.9775714285714288,-9.189734693877549,1.2042244897959185
T1027_AlphaFold_casp2,HMDB0007443,VAL,96,CA,6.902569374377259,-1.9,-12.988837209302323,4.264627906976743,-18.651418604651163,T1027_AlphaFold_casp3,HMDB0007443,VAL,96,CA,13.41057206777417,-2.4,-14.537209302325579,-7.510418604651161,-2.269581395348837
T1027_AlphaFold_casp2,HMDB0007444,LYS,34,CA,5.505445549129462,-3.8,11.599883720930233,-18.26927906976744,-7.000697674418604,T1027_AlphaFold_casp3,HMDB0007444,LYS,34,CA,23.654957800810795,-2.9,-4.759837209302326,2.2353953488372094,-18.543837209302332
T1027_AlphaFold_casp2,HMDB0007446,PRO,36,CA,5.197640557497055,-4.0,15.42797777777778,-13.70293333333333,-7.230733333333335,T1027_AlphaFold_casp3,HMDB0007446,PRO,36,CA,4.993950050922732,-3.0,16.845,-15.979000000000006,-3.4673333333333334
T1027_AlphaFold_casp2,HMDB0007447,LYS,33,CA,4.9378020131418445,-4.0,11.39257777777778,-6.924666666666667,-12.173377777777775,T1027_AlphaFold_casp3,HMDB0007447,LYS,33,CA,20.104272270905906,-2.6,-0.6128666666666668,-25.429622222222225,-0.7263999999999999
T1027_AlphaFold_casp2,HMDB0007448,GLU,108,CA,6.661033375546874,-2.6,-10.346553191489363,11.227255319148934,-15.820702127659574,T1027_AlphaFold_casp3,HMDB0007448,GLU,108,CA,34.78340112712635,-3.4,11.61272340425532,-17.270000000000003,-8.941021276595746
T1027_AlphaFold_casp2,HMDB0007449,PRO,145,CA,6.111929982938473,-3.0,11.599148936170215,-1.0661489361702126,-14.000446808510642,T1027_AlphaFold_casp3,HMDB0007449,PRO,145,CA,27.501711796338004,-2.5,-1.380255319148936,-22.440531914893626,-2.4693829787234045
T1027_AlphaFold_casp2,HMDB0007450,GLU,81,CA,4.726151432706212,-4.4,4.6585744680851064,-14.672914893617023,-13.615531914893616,T1027_AlphaFold_casp3,HMDB0007450,GLU,81,CA,27.210732085906344,-2.1,17.449617021276595,-7.0411063829787235,7.837297872340423
T1027_AlphaFold_casp2,HMDB0007451,ARG,48,CA,5.459421780049261,-3.1,7.350510638297872,-8.74595744680851,13.792127659574469,T1027_AlphaFold_casp3,HMDB0007451,ARG,48,CA,10.826575414317368,-7.2,2.8988510638297873,-4.230829787234042,1.6349574468085102
T1027_AlphaFold_casp2,HMDB0007452,ILE,58,CA,3.154446234113252,-4.1,-6.970957446808511,-9.102680851063829,3.0650638297872344,T1027_AlphaFold_casp3,HMDB0007452,ILE,58,CA,20.97651705270183,-3.1,-13.812893617021277,10.283106382978724,2.1287446808510637
T1027_AlphaFold_casp2,HMDB0007453,LYS,34,CA,6.177056327291311,-3.3,10.761999999999999,-17.975553191489357,-11.236893617021277,T1027_AlphaFold_casp3,HMDB0007453,LYS,34,CA,33.40795510031418,-3.5,-13.571361702127662,8.211723404255315,4.1341063829787235
T1027_AlphaFold_casp2,HMDB0007456,ASP,118,CA,4.261121284767489,-2.8,-13.269959183673466,6.575775510204082,5.889979591836736,T1027_AlphaFold_casp3,HMDB0007456,ASP,118,CA,35.882503372934025,-2.5,16.105959183673473,-19.911714285714286,0.5157959183673466
T1027_AlphaFold_casp2,HMDB0007458,PRO,31,CA,4.6086776095341495,-3.4,6.616795918367347,-4.680632653061224,-16.930775510204082,T1027_AlphaFold_casp3,HMDB0007458,PRO,31,CA,18.79697533181176,-2.5,17.264326530612244,-17.81626530612245,-2.3722448979591833
T1027_AlphaFold_casp2,HMDB0007459,PRO,74,CA,4.718872233597545,-3.5,3.8903469387755094,1.2783469387755098,-15.899653061224488,T1027_AlphaFold_casp3,HMDB0007459,PRO,74,CA,21.994497062267058,-3.8,12.814204081632655,-17.327551020408162,-7.895408163265306
T1027_AlphaFold_casp2,HMDB0007460,GLY,126,CA,6.38823125466656,-1.8,4.283489795918367,9.688040816326529,14.536489795918367,T1027_AlphaFold_casp3,HMDB0007460,GLY,126,CA,27.751873438274895,-4.0,-12.92244897959184,-6.468122448979591,-8.767510204081631
T1027_AlphaFold_casp2,HMDB0007461,ASP,83,CA,7.092659568767843,-1.8,5.0798979591836755,-21.356142857142864,-13.949183673469388,T1027_AlphaFold_casp3,HMDB0007461,ASP,83,CA,13.718804124515756,-2.8,17.109510204081634,-15.724612244897957,-5.212632653061225
T1027_AlphaFold_casp2,HMDB0007472,LEU,57,CA,6.132434469963273,-6.5,2.4658139534883716,-3.4783023255813954,2.0684651162790697,T1027_AlphaFold_casp3,HMDB0007472,LEU,57,CA,24.50752156631548,-3.8,12.067,-17.14576744186047,-10.664883720930233
T1027_AlphaFold_casp2,HMDB0007473,GLY,90,CA,4.727917645408294,-3.3,-4.041395348837209,-17.03341860465116,-8.424999999999999,T1027_AlphaFold_casp3,HMDB0007473,GLY,90,CA,28.299642823960944,-3.1,-13.058372093023253,10.474302325581398,2.3653255813953487
T1027_AlphaFold_casp2,HMDB0007475,PRO,36,CA,7.68972675017427,-2.0,17.936488888888892,-18.66026666666667,-3.359066666666666,T1027_AlphaFold_casp3,HMDB0007475,PRO,36,CA,8.899120161753817,-3.3,15.317533333333333,-14.570866666666666,-11.064533333333332
T1027_AlphaFold_casp2,HMDB0007476,PRO,74,CA,3.7832118893871125,-4.1,4.302955555555554,-0.8885777777777779,-13.300555555555558,T1027_AlphaFold_casp3,HMDB0007476,PRO,74,CA,23.185441168740695,-3.2,13.539288888888887,-17.921666666666667,-6.080511111111111
T1027_AlphaFold_casp2,HMDB0007477,ASP,83,CA,4.825215895126951,-3.1,4.53631914893617,-18.06027659574468,-12.526851063829787,T1027_AlphaFold_casp3,HMDB0007477,ASP,83,CA,21.644973176935096,-5.1,3.6013404255319146,-4.709382978723403,9.224404255319145
T1027_AlphaFold_casp2,HMDB0007478,ARG,147,CA,5.856539192961678,-4.1,6.922063829787234,1.142617021276596,-0.22161702127659624,T1027_AlphaFold_casp3,HMDB0007478,ARG,147,CA,21.014312012355973,-3.4,8.859489361702126,-18.584893617021283,-10.993680851063829
T1027_AlphaFold_casp2,HMDB0007479,ALA,115,CA,5.721099287267781,-3.1,-13.930936170212771,9.897957446808507,1.2394680851063833,T1027_AlphaFold_casp3,HMDB0007479,ALA,115,CA,32.89200693916674,-2.3,16.071340425531922,-10.412617021276594,8.779425531914892
T1027_AlphaFold_casp2,HMDB0007480,ARG,27,CA,5.366770390652521,-3.4,11.666787234042554,-18.338297872340426,-11.734808510638297,T1027_AlphaFold_casp3,HMDB0007480,ARG,27,CA,23.429352277323044,-2.9,-1.0769787234042556,-22.751638297872336,0.618702127659574
T1027_AlphaFold_casp2,HMDB0007481,CYS,136,CA,6.087493056950836,-4.4,7.962574468085106,-0.0002553191489362177,0.354063829787234,T1027_AlphaFold_casp3,HMDB0007481,CYS,136,CA,28.600352403412206,-2.0,-5.690127659574469,-17.396510638297872,-6.34636170212766
T1027_AlphaFold_casp2,HMDB0007482,PRO,31,CA,2.066696222292397,-3.8,6.9594893617021265,-7.434638297872341,-15.964106382978725,T1027_AlphaFold_casp3,HMDB0007482,PRO,31,CA,27.757811159463174,-2.8,-13.866382978723403,-7.396659574468083,0.21668085106383
T1027_AlphaFold_casp2,HMDB0007485,SER,61,CA,2.9309747284493657,-5.4,-1.1665102040816324,-8.121285714285715,-1.1440816326530618,T1027_AlphaFold_casp3,HMDB0007485,SER,61,CA,4.312239060670011,-5.9,0.981020408163265,-5.471061224489795,-0.2583469387755106
T1027_AlphaFold_casp2,HMDB0007487,ASP,24,CA,6.355419692590825,-3.0,12.539632653061222,-19.68238775510204,-8.914571428571428,T1027_AlphaFold_casp3,HMDB0007487,ASP,24,CA,26.990253472368636,-2.1,13.693734693877552,-9.95069387755102,12.60069387755102
T1027_AlphaFold_casp2,HMDB0007488,MET,43,CA,5.956550896961118,-6.5,3.2631224489795914,-4.065714285714285,1.6760408163265303,T1027_AlphaFold_casp3,HMDB0007488,MET,43,CA,19.25815517806826,-2.7,-8.552897959183674,-13.531510204081634,1.8731428571428577
T1027_AlphaFold_casp2,HMDB0007489,ILE,91,CA,4.996716993198712,-4.3,-4.2587142857142855,-10.255142857142856,-3.8925306122448977,T1027_AlphaFold_casp3,HMDB0007489,ILE,91,CA,15.885335590322274,-4.2,11.918551020408161,-15.109142857142857,-12.460591836734695
T1027_AlphaFold_casp2,HMDB0007490,LYS,34,CA,4.628121135863874,-3.5,11.92189795918367,-16.95257142857143,-8.374816326530613,T1027_AlphaFold_casp3,HMDB0007490,LYS,34,CA,6.009117222195573,-3.9,10.842755102040815,-18.969979591836733,-8.793510204081631
T1027_AlphaFold_casp2,HMDB0007501,PRO,31,CA,6.123906368695339,-3.0,9.578651162790695,-3.2644186046511616,-14.253906976744183,T1027_AlphaFold_casp3,HMDB0007501,PRO,31,CA,10.50738281895946,-2.4,7.411093023255813,-19.311953488372094,-15.30125581395349
T1027_AlphaFold_casp2,HMDB0007504,ASP,118,CA,5.994954722550632,-3.3,-12.96126666666667,7.763644444444448,7.913511111111108,T1027_AlphaFold_casp3,HMDB0007504,ASP,118,CA,27.36936052238788,-3.7,10.289866666666663,-2.5836,-12.4534
T1027_AlphaFold_casp2,HMDB0007505,ILE,58,CA,8.875692479358898,-2.0,-9.422755555555554,-15.501955555555554,4.410355555555555,T1027_AlphaFold_casp3,HMDB0007505,ILE,58,CA,24.008667312184585,-3.9,-2.353466666666666,1.5503333333333333,-17.32157777777778
T1027_AlphaFold_casp2,HMDB0007506,LEU,119,CA,8.253935325834593,-1.8,-14.979127659574463,-6.72248936170213,0.7488510638297871,T1027_AlphaFold_casp3,HMDB0007506,LEU,119,CA,22.34483050641343,-3.2,-3.419127659574469,-17.706234042553195,-5.472723404255319
T1027_AlphaFold_casp2,HMDB0007507,LYS,68,CA,3.7026249324258873,-3.5,-5.134808510638298,8.543489361702125,-14.698170212765959,T1027_AlphaFold_casp3,HMDB0007507,LYS,68,CA,22.728404507664216,-2.2,14.218361702127662,-5.323872340425532,-15.117617021276594
T1027_AlphaFold_casp2,HMDB0007508,THR,150,CA,6.6339770833571565,-2.6,6.916000000000001,6.462893617021277,-14.688872340425531,T1027_AlphaFold_casp3,HMDB0007508,THR,150,CA,11.868162690160117,-4.6,4.3460638297872345,-4.605893617021278,-9.35117021276596
T1027_AlphaFold_casp2,HMDB0007509,LYS,84,CA,3.6787965409340133,-3.7,-0.7641914893617029,-20.144744680851062,-6.3791914893617045,T1027_AlphaFold_casp3,HMDB0007509,LYS,84,CA,11.749540612616077,-3.7,12.096361702127655,-15.849595744680856,-10.4198085106383
T1027_AlphaFold_casp2,HMDB0007513,CYS,59,CA,6.852166738429918,-2.1,-12.872142857142855,-8.560387755102042,2.321061224489796,T1027_AlphaFold_casp3,HMDB0007513,CYS,59,CA,25.504082542830673,-2.5,3.40742857142857,-18.285775510204083,-15.764510204081638
T1027_AlphaFold_casp2,HMDB0007515,ASN,17,CA,5.2968857799510465,-2.6,0.509571428571428,-23.65928571428572,0.9100816326530609,T1027_AlphaFold_casp3,HMDB0007515,ASN,17,CA,16.062715269312047,-7.4,2.838265306122448,-3.8815714285714287,1.4415510204081632
T1027_AlphaFold_casp2,HMDB0007516,CYS,59,CA,7.288303181660674,-2.5,-13.784857142857145,-7.897755102040815,3.450938775510203,T1027_AlphaFold_casp3,HMDB0007516,CYS,59,CA,28.299394251644248,-3.2,9.513346938775511,-17.551102040816325,-15.905040816326526
T1027_AlphaFold_casp2,HMDB0007517,ARG,76,CA,6.0670984777548735,-6.2,3.504897959183673,-3.556775510204081,-1.6409795918367347,T1027_AlphaFold_casp3,HMDB0007517,ARG,76,CA,9.000882671626611,-4.6,8.58457142857143,-6.526244897959184,-6.268367346938776
T1027_AlphaFold_casp2,HMDB0007530,MET,43,CA,6.255876324535624,-6.4,2.9513023255813953,-4.044418604651162,1.6432558139534885,T1027_AlphaFold_casp3,HMDB0007530,MET,43,CA,20.03409536342551,-3.2,-2.7183255813953475,-19.11637209302326,-4.7777441860465135
T1027_AlphaFold_casp2,HMDB0007533,LEU,119,CA,4.107881476766396,-3.1,-16.076777777777775,-0.9191999999999999,2.6392666666666664,T1027_AlphaFold_casp3,HMDB0007533,LEU,119,CA,15.605497262277897,-6.7,2.0923777777777777,-4.831422222222221,1.7342444444444445
T1027_AlphaFold_casp2,HMDB0007534,LEU,144,CA,7.304369381624253,-5.9,5.3682888888888876,-5.537333333333332,-2.5498444444444446,T1027_AlphaFold_casp3,HMDB0007534,LEU,144,CA,16.621583931907097,-4.8,-4.604666666666667,-8.431111111111111,-4.515355555555556
T1027_AlphaFold_casp2,HMDB0007535,LYS,49,CA,6.1724651342400305,-1.5,8.382893617021278,4.290085106382978,16.387468085106384,T1027_AlphaFold_casp3,HMDB0007535,LYS,49,CA,31.921487685722212,-3.2,-11.65623404255319,-7.113787234042557,-11.816765957446806
T1027_AlphaFold_casp2,HMDB0007536,ASP,22,CA,4.389305263042025,-3.8,12.96178723404255,-21.65459574468085,-2.467191489361702,T1027_AlphaFold_casp3,HMDB0007536,ASP,22,CA,24.820567460579703,-6.7,3.117914893617022,-3.6194042553191483,0.8811489361702126
T1027_AlphaFold_casp2,HMDB0007537,CYS,59,CA,6.1941593088354,-2.7,-12.46536170212766,-7.74082978723404,2.200978723404255,T1027_AlphaFold_casp3,HMDB0007537,CYS,59,CA,16.051627909655227,-2.9,-13.04317021276596,9.221872340425532,4.969191489361702
T1027_AlphaFold_casp2,HMDB0007538,SER,61,CA,3.6741755683810706,-4.7,-1.9452127659574467,-9.375978723404256,-1.699382978723404,T1027_AlphaFold_casp3,HMDB0007538,SER,61,CA,22.93407309034648,-3.0,16.2768085106383,-14.119382978723404,-9.278574468085107
T1027_AlphaFold_casp2,HMDB0007544,GLY,89,CA,3.672900645371519,-4.9,-0.9922244897959184,-11.608632653061225,-2.034163265306122,T1027_AlphaFold_casp3,HMDB0007544,GLY,89,CA,28.06614934051039,-2.6,-14.537367346938776,4.955224489795919,10.41783673469388
T1027_AlphaFold_casp2,HMDB0007545,LYS,71,CA,2.9425774376686125,-3.6,1.2115918367346936,4.429755102040816,-16.892489795918365,T1027_AlphaFold_casp3,HMDB0007545,LYS,71,CA,12.985674226413337,-3.3,8.316367346938776,-4.370428571428572,-16.911571428571428
T1027_AlphaFold_casp2,HMDB0007546,ARG,48,CA,6.664580903158418,-1.9,2.611959183673469,-6.258571428571428,17.488795918367348,T1027_AlphaFold_casp3,HMDB0007546,ARG,48,CA,26.55968380382694,-2.3,-13.148530612244897,11.747040816326532,1.6919183673469387
T1027_AlphaFold_casp2,HMDB0007562,LEU,131,CA,5.825363182701176,-7.5,3.332555555555555,-1.4564222222222218,2.1068888888888884,T1027_AlphaFold_casp3,HMDB0007562,LEU,131,CA,11.008805900238944,-4.8,2.0329999999999995,-7.770422222222222,7.193644444444445
T1027_AlphaFold_casp2,HMDB0007564,ASN,17,CA,7.028311131344857,-3.1,-1.5642978723404253,-24.510829787234048,2.575914893617021,T1027_AlphaFold_casp3,HMDB0007564,ASN,17,CA,21.45626922143434,-2.7,-3.9915319148936166,-4.470829787234043,15.575872340425521
T1027_AlphaFold_casp2,HMDB0007565,ARG,27,CA,5.183098784332442,-3.7,14.39238297872341,-15.464170212765962,-11.561212765957446,T1027_AlphaFold_casp3,HMDB0007565,ARG,27,CA,21.226907267734752,-3.1,-0.4283829787234044,-22.371872340425536,-1.9088936170212767
T1027_AlphaFold_casp2,HMDB0007566,PRO,31,CA,6.146733289789629,-2.0,12.284893617021277,-4.309574468085106,-17.513914893617017,T1027_AlphaFold_casp3,HMDB0007566,PRO,31,CA,29.686239725042228,-2.5,13.165021276595747,-4.294680851063832,12.605680851063827
T1027_AlphaFold_casp2,HMDB0007572,VAL,117,CA,5.26440020323225,-5.4,-2.452612244897959,2.949510204081633,2.0366122448979596,T1027_AlphaFold_casp3,HMDB0007572,VAL,117,CA,26.856078377918465,-3.2,0.03330612244897973,-22.82283673469388,-3.929836734693877
T1027_AlphaFold_casp2,HMDB0007573,ALA,115,CA,7.457654165892861,-2.5,-15.646102040816327,10.105857142857142,2.784122448979592,T1027_AlphaFold_casp3,HMDB0007573,ALA,115,CA,18.895847250616132,-5.3,-1.1308979591836734,-10.695244897959181,-0.8244081632653063
T1027_AlphaFold_casp2,HMDB0007588,VAL,96,CA,2.6498592177838622,-2.7,-13.934111111111113,-2.2328444444444444,-15.398244444444451,T1027_AlphaFold_casp3,HMDB0007588,VAL,96,CA,19.22774367347452,-4.8,-2.784866666666667,3.440888888888889,2.0311777777777777
T1027_AlphaFold_casp2,HMDB0007589,ARG,76,CA,5.020084770176006,-5.0,5.024844444444445,-4.264733333333334,-5.600066666666667,T1027_AlphaFold_casp3,HMDB0007589,ARG,76,CA,9.963710009756333,-3.0,6.843155555555556,2.699688888888888,-14.77335555555556
T1027_AlphaFold_casp2,HMDB0007591,GLY,90,CA,7.039778655878782,-2.5,-7.745063829787237,-13.69504255319149,-4.92391489361702,T1027_AlphaFold_casp3,HMDB0007591,GLY,90,CA,29.12242597927781,-2.9,9.414659574468086,10.980553191489362,4.331085106382978
T1027_AlphaFold_casp2,HMDB0007592,GLY,90,CA,5.236152776303029,-2.5,-4.125063829787233,-17.586872340425536,-7.210936170212764,T1027_AlphaFold_casp3,HMDB0007592,GLY,90,CA,29.411134932629697,-2.6,11.621255319148935,10.141170212765958,4.509127659574468
T1027_AlphaFold_casp2,HMDB0007599,PRO,2,CA,6.097313198783954,-1.8,-8.282346938775508,-22.073224489795912,20.186693877551026,T1027_AlphaFold_casp3,HMDB0007599,PRO,2,CA,45.01130294516395,-3.6,12.945367346938776,-15.739081632653054,-14.276836734693884
T1027_AlphaFold_casp2,HMDB0007617,CYS,59,CA,5.959849472744909,-3.0,-11.774311111111112,-8.626844444444442,2.2902888888888886,T1027_AlphaFold_casp3,HMDB0007617,CYS,59,CA,10.180971455018488,-6.0,2.793288888888889,-3.8839999999999986,1.1314666666666664
T1027_AlphaFold_casp2,HMDB0007618,PRO,31,CA,4.0651203057531955,-3.1,12.312777777777784,-8.564399999999997,-15.38704444444445,T1027_AlphaFold_casp3,HMDB0007618,PRO,31,CA,18.827921804819436,-6.3,2.4248888888888884,-3.928822222222222,0.8316666666666668
T1027_AlphaFold_casp2,HMDB0007620,PRO,145,CA,5.819735335501346,-2.4,14.12336170212766,-0.18693617021276607,-13.651468085106385,T1027_AlphaFold_casp3,HMDB0007620,PRO,145,CA,30.21984883966594,-2.8,-14.358702127659573,8.844000000000003,3.472127659574468
T1027_AlphaFold_casp2,HMDB0007621,CYS,148,CA,4.273543419415308,-4.4,8.993446808510638,2.246106382978723,-0.5333829787234045,T1027_AlphaFold_casp3,HMDB0007621,CYS,148,CA,31.337680932140103,-1.8,-3.8093617021276587,-24.11302127659574,0.033340425531914665
T1027_AlphaFold_casp2,HMDB0007626,GLU,111,CA,3.5283823980598763,-3.5,-7.505734693877552,12.106224489795917,-5.988040816326529,T1027_AlphaFold_casp3,HMDB0007626,GLU,111,CA,31.499157143169914,-2.1,1.6365510204081637,-18.010653061224488,-16.52614285714285
T1027_AlphaFold_casp2,HMDB0007627,GLY,90,CA,5.117885688774739,-2.4,-4.958102040816326,-16.66771428571429,-8.885877551020405,T1027_AlphaFold_casp3,HMDB0007627,GLY,90,CA,7.344196207552401,-4.1,-5.339938775510203,-7.707061224489795,-5.001265306122448
T1027_AlphaFold_casp2,HMDB0007646,LEU,57,CA,6.251256283261178,-6.9,2.4161111111111118,-2.7762,2.2806666666666664,T1027_AlphaFold_casp3,HMDB0007646,LEU,57,CA,24.482381275208738,-3.1,14.731377777777778,-18.447044444444444,-6.742066666666666
T1027_AlphaFold_casp2,HMDB0007647,VAL,14,CA,6.2521821809432,-3.3,-4.215511111111112,-20.00784444444444,-1.3832222222222221,T1027_AlphaFold_casp3,HMDB0007647,VAL,14,CA,11.126378709586323,-5.4,1.5280666666666665,-5.255111111111111,-0.6697111111111109
T1027_AlphaFold_casp2,HMDB0007649,PRO,145,CA,5.096194407418867,-2.3,13.382851063829788,4.371978723404255,-11.580106382978723,T1027_AlphaFold_casp3,HMDB0007649,PRO,145,CA,11.807458030869599,-2.6,5.1977659574468085,-1.987085106382979,-17.229297872340428
T1027_AlphaFold_casp2,HMDB0007650,GLY,89,CA,6.1392732147422135,-2.8,-4.196872340425531,-19.249319148936166,-2.907617021276596,T1027_AlphaFold_casp3,HMDB0007650,GLY,89,CA,5.917948178450433,-5.4,0.35191489361702105,-9.965042553191491,-0.5966808510638294
T1027_AlphaFold_casp2,HMDB0007654,PHE,72,CA,6.138466870430022,-3.0,-2.1320408163265308,12.883387755102042,-12.060999999999996,T1027_AlphaFold_casp3,HMDB0007654,PHE,72,CA,15.98850422857952,-4.9,7.611612244897958,-5.803612244897957,-7.083591836734694
T1027_AlphaFold_casp2,HMDB0007657,THR,150,CA,5.631278301101495,-2.3,8.77412244897959,8.114061224489795,-13.220428571428577,T1027_AlphaFold_casp3,HMDB0007657,THR,150,CA,33.05670427216481,-2.7,-3.560591836734693,-23.52614285714285,-0.5003877551020408
T1027_AlphaFold_casp2,HMDB0007675,GLY,89,CA,4.746004039215192,-4.3,2.335955555555556,-10.763266666666667,-4.622422222222222,T1027_AlphaFold_casp3,HMDB0007675,GLY,89,CA,13.507045572269238,-6.9,3.337733333333333,-3.218888888888889,2.034088888888889
T1027_AlphaFold_casp2,HMDB0007676,SER,61,CA,6.545906033431776,-5.9,2.646044444444445,-3.5823777777777774,0.6988222222222222,T1027_AlphaFold_casp3,HMDB0007676,SER,61,CA,21.5173543788769,-3.3,9.3326,-18.11891111111111,-12.972822222222225
T1027_AlphaFold_casp2,HMDB0007678,GLY,75,CA,4.724035255389217,-4.1,6.5107234042553195,-2.0738510638297867,-13.392319148936172,T1027_AlphaFold_casp3,HMDB0007678,GLY,75,CA,24.61667572572347,-2.2,6.8161702127659565,5.811446808510636,14.465297872340425
T1027_AlphaFold_casp2,HMDB0007679,SER,61,CA,5.435657650691252,-6.4,2.0186382978723407,-5.455340425531915,0.9843829787234042,T1027_AlphaFold_casp3,HMDB0007679,SER,61,CA,12.347574729745698,-2.9,-2.764191489361702,-18.156170212765957,-3.6412127659574467
T1027_AlphaFold_casp2,HMDB0007680,CYS,59,CA,8.18437549793072,-1.8,-14.683857142857146,-7.949755102040815,3.061918367346939,T1027_AlphaFold_casp3,HMDB0007680,CYS,59,CA,16.13814362569206,-4.7,7.095122448979593,1.4805102040816325,-0.12171428571428579
T1027_AlphaFold_casp2,HMDB0007683,GLY,75,CA,4.780473519255688,-4.8,4.639020408163264,-5.20942857142857,-7.975918367346938,T1027_AlphaFold_casp3,HMDB0007683,GLY,75,CA,11.174658381505761,-5.6,1.1380816326530612,-6.758857142857145,-0.6703469387755102
T1027_AlphaFold_casp2,HMDB0007684,MET,43,CA,5.516830748698712,-4.6,5.499346938775511,-2.2109183673469373,0.5234897959183673,T1027_AlphaFold_casp3,HMDB0007684,MET,43,CA,21.032888095664166,-2.1,-4.955489795918369,-18.319510204081634,-5.157040816326531
T1027_AlphaFold_casp2,HMDB0007685,ILE,11,CA,4.217997561124943,-3.8,-3.5469591836734704,-16.1939387755102,6.5003061224489755,T1027_AlphaFold_casp3,HMDB0007685,ILE,11,CA,22.470551086170577,-3.0,-11.740326530612244,-8.208224489795917,-11.767428571428573
T1027_AlphaFold_casp2,HMDB0007704,VAL,14,CA,4.951444981611523,-4.0,-3.6722888888888887,-12.064155555555555,0.5311777777777779,T1027_AlphaFold_casp3,HMDB0007704,VAL,14,CA,24.92319208890079,-3.4,-10.674511111111112,-1.7762666666666667,-16.23211111111111
T1027_AlphaFold_casp2,HMDB0007707,LEU,57,CA,6.35039623042422,-6.8,2.354170212765957,-3.5116595744680863,1.5955744680851067,T1027_AlphaFold_casp3,HMDB0007707,LEU,57,CA,6.275257624148521,-6.6,2.2861063829787236,-3.219468085106383,1.7973829787234037
T1027_AlphaFold_casp2,HMDB0007708,VAL,14,CA,6.94282893147685,-2.6,-6.387042553191491,-19.82189361702128,2.691489361702127,T1027_AlphaFold_casp3,HMDB0007708,VAL,14,CA,32.02378534548625,-3.3,-6.4838085106382986,11.169553191489364,-14.40402127659574
T1027_AlphaFold_casp2,HMDB0007710,ASP,22,CA,5.838605461076515,-2.8,15.406857142857145,-20.660877551020405,-1.464204081632653,T1027_AlphaFold_casp3,HMDB0007710,ASP,22,CA,22.98473588552188,-4.6,0.17118367346938734,-7.156183673469387,-2.180918367346939
T1027_AlphaFold_casp2,HMDB0007711,ALA,87,CA,7.035534660387777,-3.1,-3.354448979591838,-22.06740816326531,-0.45055102040816314,T1027_AlphaFold_casp3,HMDB0007711,ALA,87,CA,10.622259713481782,-4.1,12.98995918367347,-19.489591836734686,-5.030387755102041
T1027_AlphaFold_casp2,HMDB0007712,PHE,9,CA,5.208044079029367,-3.1,-5.18326530612245,-22.238428571428567,5.279448979591839,T1027_AlphaFold_casp3,HMDB0007712,PHE,9,CA,8.359828214897158,-2.7,-5.4717142857142855,-18.636448979591837,15.883775510204083
T1027_AlphaFold_casp2,HMDB0007733,PHE,72,CA,3.214978646397227,-3.6,-0.11760000000000038,7.653866666666667,-15.005088888888892,T1027_AlphaFold_casp3,HMDB0007733,PHE,72,CA,20.210069866001007,-3.3,13.437444444444445,-7.187133333333332,-14.713866666666668
T1027_AlphaFold_casp2,HMDB0007736,ALA,19,CA,6.3491697037221835,-2.9,14.388787234042553,-20.473510638297874,2.2647021276595747,T1027_AlphaFold_casp3,HMDB0007736,ALA,19,CA,19.028853626484228,-3.3,-5.459446808510638,-13.409212765957443,-6.962446808510635
T1027_AlphaFold_casp2,HMDB0007737,SER,61,CA,5.437296321302492,-6.3,2.1550425531914894,-6.0183617021276605,0.5349361702127662,T1027_AlphaFold_casp3,HMDB0007737,SER,61,CA,19.954633429666373,-3.5,14.27765957446809,-1.1154255319148931,7.927191489361702
T1027_AlphaFold_casp2,HMDB0007739,GLY,32,CA,6.381928193231011,-3.1,9.86663265306122,-3.988102040816325,-12.488693877551023,T1027_AlphaFold_casp3,HMDB0007739,GLY,32,CA,14.00146548458238,-2.7,-6.7868571428571425,-12.480204081632655,-11.656204081632652
T1027_AlphaFold_casp2,HMDB0007740,PRO,31,CA,6.539607798727905,-2.7,12.992755102040817,-4.448755102040816,-15.057979591836736,T1027_AlphaFold_casp3,HMDB0007740,PRO,31,CA,7.305280901653383,-3.7,12.109367346938773,-6.980081632653061,-10.350632653061224
T1027_AlphaFold_casp2,HMDB0007765,HIS,78,CA,7.5512462045505035,-2.5,3.2531063829787232,-1.3777659574468084,-18.085510638297876,T1027_AlphaFold_casp3,HMDB0007765,HIS,78,CA,16.945005568596983,-3.3,10.125382978723403,-17.84331914893617,-11.888361702127659
T1027_AlphaFold_casp2,HMDB0007767,LEU,144,CA,3.657323967192353,-4.6,8.414142857142854,-4.900816326530614,-7.316530612244901,T1027_AlphaFold_casp3,HMDB0007767,LEU,144,CA,12.300349420682615,-6.8,0.8395918367346938,-5.021857142857144,0.4941020408163266
T1027_AlphaFold_casp2,HMDB0007768,ASN,17,CA,7.261090556891932,-3.1,-2.432795918367347,-23.374795918367337,1.1183673469387756,T1027_AlphaFold_casp3,HMDB0007768,ASN,17,CA,26.79198830169697,-3.5,14.832489795918365,2.3882857142857143,-7.172857142857141
T1027_AlphaFold_casp2,HMDB0007769,HIS,62,CA,5.6713402515319435,-3.7,-9.589469387755104,-10.394836734693877,1.9040408163265314,T1027_AlphaFold_casp3,HMDB0007769,HIS,62,CA,16.071308070750067,-3.4,-2.206795918367347,-21.940408163265303,0.4397551020408162
T1027_AlphaFold_casp2,HMDB0007791,PRO,67,CA,3.157408612560729,-3.3,-7.465021276595745,3.3717659574468075,-17.60553191489361,T1027_AlphaFold_casp3,HMDB0007791,PRO,67,CA,19.316477596218597,-6.0,2.06936170212766,-4.083872340425532,1.0582978723404248
T1027_AlphaFold_casp2,HMDB0007792,GLN,135,CA,6.186000679369563,-2.1,13.68423404255319,10.350021276595744,0.20234042553191492,T1027_AlphaFold_casp3,HMDB0007792,GLN,135,CA,12.319837399826797,-6.2,3.792574468085106,-3.174808510638298,0.3659999999999998
T1027_AlphaFold_casp2,HMDB0007820,GLY,90,CA,5.8003497944035916,-1.9,-6.112234042553191,-16.360765957446812,-6.861574468085106,T1027_AlphaFold_casp3,HMDB0007820,GLY,90,CA,7.8750803894234815,-4.5,-1.4198297872340426,-9.161638297872342,-1.067744680851064
T1027_AlphaFold_casp2,HMDB0007821,CYS,59,CA,6.8246691036214235,-2.7,-13.391638297872339,-7.556212765957451,3.2234680851063833,T1027_AlphaFold_casp3,HMDB0007821,CYS,59,CA,28.27470490563392,-1.9,6.913404255319149,-21.861744680851057,-14.73168085106383
T1027_AlphaFold_casp2,HMDB0007858,GLY,126,CA,3.4373265670632676,-2.3,-0.9367391304347826,7.089347826086957,15.845021739130436,T1027_AlphaFold_casp3,HMDB0007858,GLY,126,CA,20.13482683532598,-5.7,3.0674782608695654,-7.3725434782608685,-2.210347826086956
T1027_AlphaFold_casp2,HMDB0007859,ALA,149,CA,3.983839817902693,-2.7,13.88702173913043,5.375108695652174,-8.828826086956521,T1027_AlphaFold_casp3,HMDB0007859,ALA,149,CA,29.218107907409678,-2.6,-14.675304347826089,-6.501586956521737,0.5554565217391304
T1027_AlphaFold_casp2,HMDB0007860,THR,79,CA,4.088066241454255,-3.3,0.5736304347826087,-6.94167391304348,-16.509782608695648,T1027_AlphaFold_casp3,HMDB0007860,THR,79,CA,9.829034398288623,-3.6,8.870847826086955,-4.268565217391305,-13.44365217391304
T1027_AlphaFold_casp2,HMDB0007861,GLY,89,CA,6.5357834053274955,-2.4,-4.304895833333334,-19.858708333333343,-4.489645833333334,T1027_AlphaFold_casp3,HMDB0007861,GLY,89,CA,9.781089640791457,-3.2,-1.1688333333333334,-13.014541666666668,-13.978395833333336
T1027_AlphaFold_casp2,HMDB0007862,ASP,22,CA,7.149846364838805,-2.7,16.9121875,-19.95945833333333,-1.2780624999999999,T1027_AlphaFold_casp3,HMDB0007862,ASP,22,CA,28.913891725485655,-3.2,-8.312937500000002,-9.259270833333332,7.046104166666667
T1027_AlphaFold_casp2,HMDB0007863,MET,43,CA,6.184491671531545,-5.5,3.3894583333333332,-3.3944375,1.2353541666666665,T1027_AlphaFold_casp3,HMDB0007863,MET,43,CA,6.47547862941688,-6.8,2.801,-3.641229166666666,1.6397708333333336
T1027_AlphaFold_casp2,HMDB0007864,ALA,45,CA,5.364437428477015,-2.7,15.00645833333333,-4.2579375,9.961708333333332,T1027_AlphaFold_casp3,HMDB0007864,ALA,45,CA,26.488098212932048,-2.9,7.483583333333332,-6.5135000000000005,-16.985687499999994
T1027_AlphaFold_casp2,HMDB0007865,ARG,27,CA,4.180122396792962,-3.5,12.6071875,-18.077083333333338,-12.528791666666665,T1027_AlphaFold_casp3,HMDB0007865,ARG,27,CA,21.46806535786668,-2.2,-2.5222291666666665,-22.47289583333333,-4.461854166666666
T1027_AlphaFold_casp2,HMDB0007873,ASP,83,CA,3.862751124729628,-3.9,7.697520000000001,-18.073940000000004,-8.02624,T1027_AlphaFold_casp3,HMDB0007873,ASP,83,CA,21.885368521439155,-3.3,4.23884,-9.277700000000001,12.257059999999997
T1027_AlphaFold_casp2,HMDB0007875,LEU,30,CA,6.208971673892546,-3.1,5.544339999999998,-16.408700000000003,-15.123040000000005,T1027_AlphaFold_casp3,HMDB0007875,LEU,30,CA,35.18161473768934,-2.8,-4.420979999999999,-17.054019999999998,14.13952
T1027_AlphaFold_casp2,HMDB0007929,PHE,9,CA,6.805580640735906,-2.7,-6.947673469387754,-16.29665306122449,11.54234693877551,T1027_AlphaFold_casp3,HMDB0007929,PHE,9,CA,27.494615000297372,-3.6,13.648734693877552,-9.705346938775511,-11.99861224489796
T1027_AlphaFold_casp2,HMDB0007965,GLY,82,CA,3.4358671673742376,-2.7,-1.7036666666666669,-16.485812499999998,-9.615937499999996,T1027_AlphaFold_casp3,HMDB0007965,GLY,82,CA,14.485084131478384,-3.1,15.225187499999999,-16.695062500000002,-4.5674166666666665
T1027_AlphaFold_casp2,HMDB0007977,GLY,130,CA,4.8177744320079166,-2.3,7.723407407407409,7.358277777777778,11.254777777777777,T1027_AlphaFold_casp3,HMDB0007977,GLY,130,CA,29.369969771612972,-2.4,-3.508481481481481,-19.652111111111118,-4.956259259259259
T1027_AlphaFold_casp2,HMDB0008096,HIS,62,CA,5.020658332833612,-3.1,-10.110037735849055,-10.344773584905658,-0.33671698113207554,T1027_AlphaFold_casp3,HMDB0008096,HIS,62,CA,8.431312055415345,-3.6,-3.1988113207547175,-11.244037735849057,-7.441509433962267
T1027_AlphaFold_casp2,HMDB0008097,LYS,64,CA,5.396450434053853,-3.6,-10.668540000000002,-8.033840000000001,-6.795900000000001,T1027_AlphaFold_casp3,HMDB0008097,LYS,64,CA,8.521036461158936,-4.4,-2.4213399999999985,-8.157819999999997,-1.845620000000001
T1027_AlphaFold_casp2,HMDB0008098,SER,61,CA,5.197299104958266,-4.9,1.8649399999999998,-7.155079999999998,0.4844200000000001,T1027_AlphaFold_casp3,HMDB0008098,SER,61,CA,3.8936923704884556,-6.9,0.24430000000000024,-4.998079999999999,1.0298600000000002
T1027_AlphaFold_casp2,HMDB0008131,VAL,14,CA,7.144221491611246,-2.2,-7.881100000000001,-15.421460000000007,1.5288599999999999,T1027_AlphaFold_casp3,HMDB0008131,VAL,14,CA,10.142009300429574,-4.7,1.966139999999999,-8.108000000000002,-4.163480000000001
T1027_AlphaFold_casp2,HMDB0008172,GLY,89,CA,5.687702920482029,-3.0,-5.859888888888888,-15.048074074074075,-2.1752222222222226,T1027_AlphaFold_casp3,HMDB0008172,GLY,89,CA,18.029056691172872,-3.7,4.885351851851852,-5.806277777777778,10.505518518518516
T1027_AlphaFold_casp2,HMDB0008232,ILE,58,CA,4.378362941945916,-3.3,-7.53051923076923,-11.169403846153841,4.031442307692307,T1027_AlphaFold_casp3,HMDB0008232,ILE,58,CA,11.817005486199658,-3.6,-11.486403846153847,-7.340211538461538,-4.8258269230769235
T1027_AlphaFold_casp2,HMDB0008324,GLU,81,CA,5.014696940329136,-2.9,0.09947169811320739,-11.736188679245286,-16.378735849056607,T1027_AlphaFold_casp3,HMDB0008324,GLU,81,CA,17.631111927648487,-2.9,15.617452830188677,-18.169886792452836,-4.345415094339622
T1027_AlphaFold_casp2,HMDB0008489,CYS,59,CA,7.4148260222898275,-2.5,-10.808745454545452,-11.830872727272725,3.270927272727272,T1027_AlphaFold_casp3,HMDB0008489,CYS,59,CA,15.295473326077893,-2.7,3.494454545454545,-9.356599999999997,14.35678181818182
T1027_AlphaFold_casp2,HMDB0008525,ILE,95,CA,6.994326094714511,-2.4,-12.268574074074072,-9.225333333333332,-8.9377962962963,T1027_AlphaFold_casp3,HMDB0008525,ILE,95,CA,28.25842881472996,-2.6,-4.565314814814816,-3.683296296296296,15.123962962962965
T1027_AlphaFold_casp2,HMDB0008624,LYS,84,CA,3.3993600056799997,-2.9,0.1510925925925926,-20.66283333333333,-8.232203703703702,T1027_AlphaFold_casp3,HMDB0008624,LYS,84,CA,8.296492475049076,-3.2,-2.1595925925925923,-21.734814814814815,0.6402777777777772
T1027_AlphaFold_casp2,HMDB0008652,GLU,42,CA,4.224795097148802,-3.0,15.826018181818181,-8.167781818181819,5.729963636363637,T1027_AlphaFold_casp3,HMDB0008652,GLU,42,CA,19.243903361827062,-2.9,-4.96650909090909,-14.427909090909093,7.1134909090909115
T1027_AlphaFold_casp2,HMDB0008690,VAL,14,CA,5.302505735961446,-3.1,-3.8656481481481473,-19.193407407407417,-0.9417777777777777,T1027_AlphaFold_casp3,HMDB0008690,VAL,14,CA,12.478884181500163,-3.4,1.7002037037037037,-10.33398148148148,12.68638888888889
T1027_AlphaFold_casp2,HMDB0010168,THR,53,CA,2.3877037498818843,-3.4,0.5167400000000003,-6.304400000000004,11.914639999999999,T1027_AlphaFold_casp3,HMDB0010168,THR,53,CA,9.050409208737472,-3.4,-1.35058,-11.296740000000005,5.62504
T1027_AlphaFold_casp2,HMDB0010199,LEU,131,CA,4.751867299052671,-7.7,1.5146785714285715,2.0255,1.809214285714285,T1027_AlphaFold_casp3,HMDB0010199,LEU,131,CA,4.803174820987613,-7.6,2.127321428571429,1.3808214285714282,1.6473928571428573
T1027_AlphaFold_casp2,HMDB0010201,LEU,131,CA,4.871320153352512,-6.4,1.1830416666666668,1.5949166666666663,2.0061666666666667,T1027_AlphaFold_casp3,HMDB0010201,LEU,131,CA,26.517775235639895,-4.4,9.872541666666667,-14.666166666666664,-13.020541666666666
T1027_AlphaFold_casp2,HMDB0010202,MET,43,CA,6.055514838850753,-5.2,3.7769583333333325,-2.905708333333333,1.1622083333333337,T1027_AlphaFold_casp3,HMDB0010202,MET,43,CA,8.408619022236119,-7.6,3.8104999999999998,1.4191666666666665,1.9075
T1027_AlphaFold_casp2,HMDB0010204,LEU,131,CA,4.818660057219374,-7.0,3.1437692307692306,0.2260000000000001,1.9480384615384618,T1027_AlphaFold_casp3,HMDB0010204,LEU,131,CA,4.8132423162224605,-7.1,3.998423076923077,1.0246923076923076,1.4348846153846155
T1027_AlphaFold_casp2,HMDB0010205,LEU,131,CA,4.592435368144664,-7.1,2.400260869565217,1.1171304347826088,1.8977826086956526,T1027_AlphaFold_casp3,HMDB0010205,LEU,131,CA,7.79395556842907,-6.9,1.056304347826087,-3.6164347826086956,2.8053478260869564
T1027_AlphaFold_casp2,HMDB0010208,LEU,131,CA,4.528117798475986,-6.3,2.2194583333333333,0.6710416666666665,2.304291666666667,T1027_AlphaFold_casp3,HMDB0010208,LEU,131,CA,5.244536898810619,-6.0,4.342624999999999,0.6144583333333332,1.1758750000000002
T1027_AlphaFold_casp2,HMDB0010209,LEU,131,CA,4.800086543816164,-7.5,1.9756666666666665,1.5677916666666667,1.6485833333333335,T1027_AlphaFold_casp3,HMDB0010209,LEU,131,CA,5.402984125629611,-6.2,3.8238749999999997,-0.6198333333333333,1.8102916666666664
T1027_AlphaFold_casp2,HMDB0010210,LEU,131,CA,4.83055601401504,-6.9,2.7578260869565216,1.197478260869565,1.4794347826086958,T1027_AlphaFold_casp3,HMDB0010210,LEU,131,CA,4.834264030876556,-6.9,1.7536086956521741,0.24852173913043482,2.4536521739130435
T1027_AlphaFold_casp2,HMDB0010211,LEU,131,CA,5.076191258590144,-6.2,4.586192307692307,0.49946153846153857,1.4635384615384612,T1027_AlphaFold_casp3,HMDB0010211,LEU,131,CA,4.395354060265084,-6.6,3.5285384615384623,1.5004615384615385,1.7043461538461537
T1027_AlphaFold_casp2,HMDB0010212,LEU,131,CA,4.821693535872561,-6.7,2.760434782608696,0.49417391304347824,1.853173913043478,T1027_AlphaFold_casp3,HMDB0010212,LEU,131,CA,4.8289514971095615,-6.7,2.893608695652173,0.835434782608696,1.6160434782608695
T1027_AlphaFold_casp2,HMDB0010213,LEU,131,CA,4.391167271794112,-7.1,3.057076923076923,0.8909615384615382,2.0560384615384617,T1027_AlphaFold_casp3,HMDB0010213,LEU,131,CA,4.914458778372196,-7.1,3.148538461538462,0.09903846153846146,1.9198461538461535
T1027_AlphaFold_casp2,HMDB0010214,LEU,131,CA,4.2349252502257935,-6.9,3.1831071428571427,1.6699642857142858,1.8599285714285718,T1027_AlphaFold_casp3,HMDB0010214,LEU,131,CA,7.07358111132688,-6.4,2.8073214285714285,-3.29525,2.7714642857142864
T1027_AlphaFold_casp2,HMDB0010216,LEU,131,CA,4.485650389537706,-7.1,2.388807692307692,1.331961538461538,1.9286153846153846,T1027_AlphaFold_casp3,HMDB0010216,LEU,131,CA,4.400713214620703,-6.6,2.6345769230769234,2.1250384615384617,1.6889615384615384
T1027_AlphaFold_casp2,HMDB0010217,LEU,131,CA,4.359347620111049,-7.4,2.8069565217391306,1.1705652173913044,2.009217391304348,T1027_AlphaFold_casp3,HMDB0010217,LEU,131,CA,4.947515632882645,-7.2,3.3651304347826083,1.1249999999999996,1.2710869565217389
T1027_AlphaFold_casp2,HMDB0010219,LEU,131,CA,4.398767966631152,-7.5,3.2915,1.3253846153846156,1.7952692307692302,T1027_AlphaFold_casp3,HMDB0010219,LEU,131,CA,4.158463956358329,-7.6,2.433769230769231,1.9627307692307687,2.058346153846154
T1027_AlphaFold_casp2,HMDB0010221,LEU,131,CA,4.799772882539166,-6.8,2.826916666666667,0.43391666666666673,1.9005416666666664,T1027_AlphaFold_casp3,HMDB0010221,LEU,131,CA,4.656483267460422,-6.6,3.1143750000000003,1.0532916666666667,1.6591666666666665
T1027_AlphaFold_casp2,HMDB0010222,LEU,131,CA,5.256329917644535,-7.3,1.4139583333333332,1.4213333333333333,1.4485833333333333,T1027_AlphaFold_casp3,HMDB0010222,LEU,131,CA,4.3656661419360985,-6.9,2.0093333333333336,1.6902916666666667,2.0940000000000003
T1027_AlphaFold_casp2,HMDB0010316,LEU,131,CA,4.562673670783732,-8.2,3.7340370370370377,1.7354444444444448,1.4404444444444446,T1027_AlphaFold_casp3,HMDB0010316,LEU,131,CA,4.589537401489477,-7.9,3.7901851851851855,0.8223703703703703,1.7825925925925925
T1027_AlphaFold_casp2,HMDB0010318,PRO,36,CA,4.9343673006900985,-7.5,14.873717948717948,-17.11915384615385,-3.753205128205129,T1027_AlphaFold_casp3,HMDB0010318,PRO,36,CA,16.170348953687537,-9.4,1.5457179487179487,-2.3835641025641023,1.8134102564102563
T1027_AlphaFold_casp2,HMDB0010319,LEU,131,CA,4.52083597236764,-8.0,2.5320769230769233,0.30949999999999994,2.4416923076923074,T1027_AlphaFold_casp3,HMDB0010319,LEU,131,CA,4.496494032336776,-8.1,2.4403461538461544,0.3555000000000002,2.475461538461538
T1027_AlphaFold_casp2,HMDB0010329,LEU,131,CA,4.302886374542352,-7.4,2.937766666666667,1.725266666666667,1.8186000000000004,T1027_AlphaFold_casp3,HMDB0010329,LEU,131,CA,4.28791635360994,-7.4,3.0123,1.7336666666666671,1.8154333333333328
T1027_AlphaFold_casp2,HMDB0010335,MET,43,CA,5.637841974014632,-9.3,3.3921842105263162,-4.029078947368421,2.27528947368421,T1027_AlphaFold_casp3,HMDB0010335,MET,43,CA,5.320863006473339,-8.1,3.9571842105263157,-3.3979999999999997,2.174684210526316
T1027_AlphaFold_casp2,HMDB0010340,MET,43,CA,4.656116382787455,-8.1,4.500638888888887,-3.8444166666666666,2.310722222222222,T1027_AlphaFold_casp3,HMDB0010340,MET,43,CA,5.681785969095554,-8.6,3.9168055555555554,-2.7731388888888895,1.9096388888888889
T1027_AlphaFold_casp2,HMDB0010343,LEU,131,CA,5.086070085592171,-8.5,3.464733333333333,-0.29873333333333335,1.9708000000000003,T1027_AlphaFold_casp3,HMDB0010343,LEU,131,CA,5.020497358496136,-8.5,3.545633333333333,-0.32056666666666656,2.069266666666666
T1027_AlphaFold_casp2,HMDB0010345,LYS,33,CA,4.780710525209656,-7.0,10.330476190476189,-15.793404761904767,-12.162738095238094,T1027_AlphaFold_casp3,HMDB0010345,LYS,33,CA,14.068474582794492,-8.0,2.060523809523809,-6.982380952380952,0.34702380952380957
T1027_AlphaFold_casp2,HMDB0010348,LEU,57,CA,5.4988007044016785,-9.5,1.3554166666666667,-3.2193055555555556,2.089555555555556,T1027_AlphaFold_casp3,HMDB0010348,LEU,57,CA,8.552085063337218,-8.2,4.7002500000000005,-2.170083333333333,1.5788333333333335
T1027_AlphaFold_casp2,HMDB0010351,MET,43,CA,6.15803240365683,-10.3,3.3437105263157902,-2.657052631578948,2.080605263157894,T1027_AlphaFold_casp3,HMDB0010351,MET,43,CA,6.132669758065882,-10.2,3.399,-2.596657894736843,2.088815789473684
T1027_AlphaFold_casp2,HMDB0010356,LEU,57,CA,5.1501347491655745,-10.0,1.6224146341463412,-3.295390243902439,2.8469756097560976,T1027_AlphaFold_casp3,HMDB0010356,LEU,57,CA,5.184073758320507,-10.0,1.6376829268292679,-3.2900000000000005,2.810853658536585
T1027_AlphaFold_casp2,HMDB0010367,MET,43,CA,6.282689658114897,-8.2,3.0185581395348837,-5.071790697674418,1.1962790697674421,T1027_AlphaFold_casp3,HMDB0010367,MET,43,CA,16.71726248228365,-7.1,11.974139534883719,-15.882883720930236,-8.388279069767444
T1027_AlphaFold_casp2,HMDB0010368,SER,61,CA,3.5013525831129986,-6.4,0.12310638297872328,-6.610489361702128,-1.0201489361702127,T1027_AlphaFold_casp3,HMDB0010368,SER,61,CA,21.308489916115736,-5.2,13.724914893617022,-17.4468085106383,-6.636404255319148
T1027_AlphaFold_casp2,HMDB0010369,LYS,34,CA,4.575330985313499,-6.2,12.87170212765958,-15.828659574468086,-8.458872340425529,T1027_AlphaFold_casp3,HMDB0010369,LYS,34,CA,13.37020091012449,-8.5,2.06368085106383,-5.833361702127658,1.0173191489361701
T1027_AlphaFold_casp2,HMDB0010370,LYS,34,CA,4.934580099396128,-6.0,9.880021276595746,-16.491404255319154,-11.204382978723403,T1027_AlphaFold_casp3,HMDB0010370,LYS,34,CA,12.184928978513083,-6.9,-0.6307659574468084,-10.108936170212766,-0.9632978723404256
T1027_AlphaFold_casp2,HMDB0010371,LYS,34,CA,4.7021365718442185,-6.5,11.498285714285712,-17.109183673469392,-9.055979591836731,T1027_AlphaFold_casp3,HMDB0010371,LYS,34,CA,12.57433526959987,-8.2,2.7141224489795923,-6.338040816326531,0.7470816326530614
T1027_AlphaFold_casp2,HMDB0010372,ASP,83,CA,6.666420491590937,-4.3,8.184313725490197,-19.103450980392157,-12.719254901960781,T1027_AlphaFold_casp3,HMDB0010372,ASP,83,CA,16.223531406555733,-5.6,-6.966196078431373,-8.23323529411765,-0.8039019607843136
T1027_AlphaFold_casp2,HMDB0010373,LYS,34,CA,5.965461265271547,-6.0,12.866102040816324,-17.979,-6.7904897959183685,T1027_AlphaFold_casp3,HMDB0010373,LYS,34,CA,14.079193777574375,-8.9,2.733734693877551,-3.8183877551020395,0.6630408163265307
T1027_AlphaFold_casp2,HMDB0010374,SER,61,CA,5.72957280893232,-9.2,1.9002549019607846,-4.274156862745098,1.3875882352941178,T1027_AlphaFold_casp3,HMDB0010374,SER,61,CA,20.39425688943531,-5.6,9.335862745098035,-16.907960784313723,-12.168411764705883
T1027_AlphaFold_casp2,HMDB0010375,LYS,34,CA,4.0873164661738555,-7.1,11.081960784313729,-16.447843137254903,-9.316470588235296,T1027_AlphaFold_casp3,HMDB0010375,LYS,34,CA,7.593034556249248,-8.2,7.428274509803924,-6.121862745098039,-5.945823529411766
T1027_AlphaFold_casp2,HMDB0010376,GLU,42,CA,5.358030618779961,-3.3,16.196,-6.48188679245283,8.653283018867926,T1027_AlphaFold_casp3,HMDB0010376,GLU,42,CA,15.57177579341131,-4.8,15.071283018867915,-17.15141509433962,-5.464226415094339
T1027_AlphaFold_casp2,HMDB0010378,LEU,131,CA,4.496468336372447,-6.5,3.2180000000000004,0.9445,1.8755000000000002,T1027_AlphaFold_casp3,HMDB0010378,LEU,131,CA,19.526407240162683,-4.0,-13.107590909090908,-4.4833181818181815,-0.2795909090909089
T1027_AlphaFold_casp2,HMDB0010379,LEU,144,CA,5.408437984720755,-4.7,7.0990625,-6.187593749999999,-7.113874999999998,T1027_AlphaFold_casp3,HMDB0010379,LEU,144,CA,13.672421396045936,-5.8,1.0369687499999998,-8.265906249999999,1.2699062500000002
T1027_AlphaFold_casp2,HMDB0010380,LYS,33,CA,3.8938629589604288,-4.5,9.693406250000004,-15.154875,-11.219499999999998,T1027_AlphaFold_casp3,HMDB0010380,LYS,33,CA,4.28130886615552,-4.5,6.2997812500000006,-9.819937500000002,-12.907343749999999
T1027_AlphaFold_casp2,HMDB0010381,ALA,25,CA,7.168466755672438,-3.8,14.011424242424242,-18.63042424242424,-7.176454545454547,T1027_AlphaFold_casp3,HMDB0010381,ALA,25,CA,9.803341578449917,-3.4,14.397696969696968,-14.225939393939395,-11.969909090909093
T1027_AlphaFold_casp2,HMDB0010382,LYS,33,CA,6.076696048505055,-3.5,8.809000000000001,-16.584176470588236,-13.563264705882352,T1027_AlphaFold_casp3,HMDB0010382,LYS,33,CA,17.352144338110573,-6.0,2.9792058823529404,-1.0790882352941178,1.6508529411764705
T1027_AlphaFold_casp2,HMDB0010383,LYS,34,CA,5.7763632775015035,-4.2,12.524558823529413,-18.02176470588236,-7.964411764705881,T1027_AlphaFold_casp3,HMDB0010383,LYS,34,CA,11.940360134766616,-3.8,7.013617647058825,-3.5215,-13.880323529411763
T1027_AlphaFold_casp2,HMDB0010384,LYS,34,CA,3.99900764706263,-4.1,11.969916666666661,-16.04811111111111,-8.366444444444447,T1027_AlphaFold_casp3,HMDB0010384,LYS,34,CA,4.027323935542075,-3.6,11.692999999999998,-16.050916666666666,-9.04736111111111
T1027_AlphaFold_casp2,HMDB0010385,LYS,34,CA,4.524852581153648,-4.1,10.932166666666667,-16.563527777777775,-10.11413888888889,T1027_AlphaFold_casp3,HMDB0010385,LYS,34,CA,12.407690761195774,-4.0,-1.5300277777777778,-9.851388888888891,-2.211611111111111
T1027_AlphaFold_casp2,HMDB0010386,VAL,14,CA,4.83780190312274,-3.4,-2.0789166666666663,-20.396555555555555,0.7087777777777783,T1027_AlphaFold_casp3,HMDB0010386,VAL,14,CA,12.756274815123366,-6.3,0.6931388888888887,-3.211027777777778,1.1018333333333334
T1027_AlphaFold_casp2,HMDB0010387,MET,43,CA,5.904330333992267,-6.3,3.59775,-4.095111111111112,1.1084166666666668,T1027_AlphaFold_casp3,HMDB0010387,MET,43,CA,7.15897120756688,-6.3,2.0308333333333333,-6.4063333333333325,1.5679722222222219
T1027_AlphaFold_casp2,HMDB0010388,HIS,78,CA,4.904625922437225,-4.6,5.1429166666666655,-3.5613888888888874,-13.280944444444444,T1027_AlphaFold_casp3,HMDB0010388,HIS,78,CA,20.197856016908926,-3.9,14.29838888888889,-18.06216666666667,-7.2274722222222225
T1027_AlphaFold_casp2,HMDB0010389,MET,43,CA,6.487537461891411,-6.7,2.854916666666666,-3.0252499999999993,1.9705000000000001,T1027_AlphaFold_casp3,HMDB0010389,MET,43,CA,8.499904501142904,-6.3,5.581333333333333,-7.298916666666669,-3.6467222222222224
T1027_AlphaFold_casp2,HMDB0010390,LYS,71,CA,5.224792426790475,-3.2,-3.3838947368421053,8.785315789473685,-16.646947368421053,T1027_AlphaFold_casp3,HMDB0010390,LYS,71,CA,16.820122047409484,-3.3,13.357999999999999,-3.713105263157895,-11.708684210526318
T1027_AlphaFold_casp2,HMDB0010391,SER,61,CA,4.139059240302901,-5.4,-0.5500263157894733,-9.429421052631577,-0.6979210526315791,T1027_AlphaFold_casp3,HMDB0010391,SER,61,CA,6.267378715483562,-5.8,2.8064999999999998,-6.833131578947366,1.5066578947368419
T1027_AlphaFold_casp2,HMDB0010392,LYS,33,CA,2.938165268098322,-4.4,12.453131578947369,-12.07157894736842,-11.092973684210525,T1027_AlphaFold_casp3,HMDB0010392,LYS,33,CA,4.734849618590308,-4.4,10.31592105263158,-15.88423684210526,-11.655078947368418
T1027_AlphaFold_casp2,HMDB0010393,LEU,57,CA,6.012929939707746,-6.6,2.000842105263158,-3.029,2.035526315789474,T1027_AlphaFold_casp3,HMDB0010393,LEU,57,CA,14.470138341658364,-3.6,-4.683578947368423,-18.095368421052637,-0.8546052631578945
T1027_AlphaFold_casp2,HMDB0010394,PRO,36,CA,6.753605417789577,-3.7,14.61421052631579,-18.78134210526316,-4.967631578947369,T1027_AlphaFold_casp3,HMDB0010394,PRO,36,CA,18.256160386211867,-4.0,-0.555157894736842,-23.65263157894737,1.7872105263157896
T1027_AlphaFold_casp2,HMDB0010395,ASP,22,CA,3.9825564259148374,-3.1,13.338736842105265,-22.862236842105265,0.07018421052631593,T1027_AlphaFold_casp3,HMDB0010395,ASP,22,CA,12.400854800255042,-4.0,11.659736842105263,-16.781815789473676,-10.442447368421055
T1027_AlphaFold_casp2,HMDB0010396,LYS,34,CA,5.540586857398475,-4.6,11.769605263157896,-18.210499999999996,-8.021052631578948,T1027_AlphaFold_casp3,HMDB0010396,LYS,34,CA,7.809558726108501,-3.6,14.443973684210526,-18.81842105263158,-5.677947368421052
T1027_AlphaFold_casp2,HMDB0010397,LYS,34,CA,6.097304629121357,-4.4,13.162657894736844,-17.92778947368421,-6.993000000000001,T1027_AlphaFold_casp3,HMDB0010397,LYS,34,CA,4.850363743749113,-4.4,12.261842105263158,-16.927552631578948,-6.402105263157895
T1027_AlphaFold_casp2,HMDB0010398,GLY,32,CA,3.651470660056029,-3.8,10.181875000000002,-8.118399999999998,-13.156674999999998,T1027_AlphaFold_casp3,HMDB0010398,GLY,32,CA,28.983714229858897,-2.6,-1.55275,-17.2972,13.853325000000002
T1027_AlphaFold_casp2,HMDB0010399,ASP,118,CA,5.04589776179621,-4.1,-13.266,8.06815,3.6229999999999998,T1027_AlphaFold_casp3,HMDB0010399,ASP,118,CA,27.452258713378214,-4.2,11.751175000000002,-1.5739000000000005,-10.978475
T1027_AlphaFold_casp2,HMDB0010400,GLY,89,CA,3.327957722838439,-4.4,-1.00145,-12.202449999999999,-1.9040000000000004,T1027_AlphaFold_casp3,HMDB0010400,GLY,89,CA,14.375242247393606,-3.5,12.3083,-16.784125000000003,-10.148875
T1027_AlphaFold_casp2,HMDB0010401,SER,61,CA,5.619172604296383,-6.2,2.374725,-6.077174999999998,-0.04102500000000002,T1027_AlphaFold_casp3,HMDB0010401,SER,61,CA,9.927077596056403,-4.7,2.53205,-5.7233,7.978074999999999
T1027_AlphaFold_casp2,HMDB0010402,SER,61,CA,4.006100481297246,-5.8,-1.849725,-10.083025000000003,-0.45180000000000026,T1027_AlphaFold_casp3,HMDB0010402,SER,61,CA,21.021843550593395,-3.6,14.640750000000002,-1.080425,-9.800350000000003
T1027_AlphaFold_casp2,HMDB0010403,LYS,34,CA,5.66743345224494,-4.0,12.26915,-17.842225,-8.979750000000001,T1027_AlphaFold_casp3,HMDB0010403,LYS,34,CA,5.460009462903887,-3.6,10.348349999999998,-17.47625,-10.8425
T1027_AlphaFold_casp2,HMDB0010404,LEU,144,CA,4.0074958328113075,-4.6,11.222,-3.9091999999999993,-9.9019,T1027_AlphaFold_casp3,HMDB0010404,LEU,144,CA,12.352908671493122,-5.1,2.1383,-7.2149249999999965,1.089025
T1027_AlphaFold_casp2,HMDB0010405,LEU,35,CA,6.177109062788415,-4.7,5.648928571428572,-7.726880952380952,-6.7784047619047625,T1027_AlphaFold_casp3,HMDB0010405,LEU,35,CA,13.26905321161435,-3.2,7.9999761904761915,-2.322309523809525,-14.224809523809524
T1027_AlphaFold_casp2,HMDB0010406,ARG,76,CA,6.681270999003971,-6.5,4.770357142857142,-5.335047619047619,-3.0713571428571425,T1027_AlphaFold_casp3,HMDB0010406,ARG,76,CA,20.41417593695144,-3.6,13.3005,-17.341666666666665,-7.596119047619048
T1027_AlphaFold_casp2,HMDB0010407,ALA,47,CA,6.270802660459657,-6.0,2.751939393939394,-2.302090909090909,2.6395454545454538,T1027_AlphaFold_casp3,HMDB0010407,ALA,47,CA,10.034035168931284,-5.7,0.8163939393939394,-7.649333333333333,0.8223333333333334
T1027_AlphaFold_casp2,HMDB0010408,ALA,115,CA,5.340223757675404,-3.3,-13.699457142857144,9.270685714285714,1.7613999999999999,T1027_AlphaFold_casp3,HMDB0010408,ALA,115,CA,32.75743613704609,-4.1,11.486857142857144,-17.271,-7.789371428571425
T1027_AlphaFold_casp2,HMDB0010410,LEU,131,CA,4.559528797429822,-7.6,3.4105357142857144,0.8745,1.8138214285714287,T1027_AlphaFold_casp3,HMDB0010410,LEU,131,CA,4.81351452240439,-7.7,3.6028571428571428,1.1507500000000002,1.3857857142857146
T1027_AlphaFold_casp2,HMDB0010573,ARG,27,CA,4.618540631670753,-2.8,11.857452830188684,-16.903037735849058,-13.444037735849058,T1027_AlphaFold_casp3,HMDB0010573,ARG,27,CA,46.8288561905704,-1.9,-15.583056603773583,8.401490566037735,6.5607924528301895
T1027_AlphaFold_casp2,HMDB0010575,GLU,93,CA,3.6868338456763663,-2.2,-9.500641509433962,-8.38435849056604,-12.181037735849054,T1027_AlphaFold_casp3,HMDB0010575,GLU,93,CA,7.76333190400172,-3.9,-10.652433962264151,-7.494169811320755,-7.383301886792455
T1027_AlphaFold_casp2,HMDB0010580,VAL,14,CA,6.74859653371544,-2.2,-6.524600000000001,-18.0366,-0.9733818181818181,T1027_AlphaFold_casp3,HMDB0010580,VAL,14,CA,17.468575245558867,-2.8,-14.621654545454543,-5.350199999999998,0.26936363636363586
T1027_AlphaFold_casp2,HMDB0010581,HIS,62,CA,4.5376477111706786,-2.5,-5.778929824561404,-10.447982456140348,-3.6426140350877203,T1027_AlphaFold_casp3,HMDB0010581,HIS,62,CA,11.305480035558444,-5.2,4.250280701754385,-6.217807017543859,-3.4352631578947364
T1027_AlphaFold_casp2,HMDB0010587,ALA,87,CA,4.16143651695619,-3.0,-1.137056603773585,-19.28398113207548,-0.7667358490566041,T1027_AlphaFold_casp3,HMDB0010587,ALA,87,CA,13.500459096026653,-2.3,-6.473566037735848,-14.160962264150944,6.3231698113207555
T1027_AlphaFold_casp2,HMDB0010588,PRO,74,CA,3.4781076604200174,-4.0,6.2624905660377355,1.6841320754716977,-12.671188679245283,T1027_AlphaFold_casp3,HMDB0010588,PRO,74,CA,22.745679083448973,-3.3,8.785132075471697,4.341981132075472,10.581603773584906
T1027_AlphaFold_casp2,HMDB0010593,LEU,37,CA,6.388455100614072,-2.6,14.986872727272727,-19.388399999999997,2.3573999999999997,T1027_AlphaFold_casp3,HMDB0010593,LEU,37,CA,12.561708055846964,-6.3,3.674527272727272,-5.869163636363639,-3.2087090909090903
T1027_AlphaFold_casp2,HMDB0010597,THR,150,CA,7.075806084609654,-2.4,6.2088596491228065,7.889280701754381,-15.055438596491223,T1027_AlphaFold_casp3,HMDB0010597,THR,150,CA,23.874046891776988,-3.1,9.813649122807018,-3.425228070175439,13.23061403508772
T1027_AlphaFold_casp2,HMDB0010601,ALA,15,CA,5.7785279503872715,-4.2,3.037679245283018,-9.037283018867925,-2.1345283018867938,T1027_AlphaFold_casp3,HMDB0010601,ALA,15,CA,18.864536701453446,-3.7,-12.378452830188674,-6.491547169811322,-8.029056603773586
T1027_AlphaFold_casp2,HMDB0010603,ASP,8,CA,6.631658745768709,-2.7,-3.600363636363636,-16.717636363636363,15.332963636363637,T1027_AlphaFold_casp3,HMDB0010603,ASP,8,CA,5.400649471105497,-3.2,-1.4042909090909095,-22.91045454545455,6.338381818181817
T1027_AlphaFold_casp2,HMDB0010604,PRO,31,CA,5.498001027120209,-2.7,10.403636363636364,-3.9541272727272725,-15.04298181818182,T1027_AlphaFold_casp3,HMDB0010604,PRO,31,CA,29.224726145514705,-2.7,-8.618672727272724,-12.249454545454547,7.213945454545454
T1027_AlphaFold_casp2,HMDB0010610,PRO,74,CA,3.951079186432195,-2.7,3.816157894736843,3.1288771929824564,-15.065824561403511,T1027_AlphaFold_casp3,HMDB0010610,PRO,74,CA,26.167846428968335,-2.2,14.771315789473684,-7.500912280701752,10.03161403508772
T1027_AlphaFold_casp2,HMDB0010619,LYS,49,CA,3.8069909528446897,-2.3,7.510981818181816,2.7432909090909092,14.477709090909089,T1027_AlphaFold_casp3,HMDB0010619,LYS,49,CA,20.435542952253275,-4.6,2.2361454545454547,-8.422218181818181,-5.36689090909091
T1027_AlphaFold_casp2,HMDB0010622,ARG,27,CA,5.180419246539545,-3.0,11.346218181818186,-17.097163636363636,-12.953509090909087,T1027_AlphaFold_casp3,HMDB0010622,ARG,27,CA,25.002360748715823,-2.6,-7.145309090909088,-15.788763636363631,-5.447054545454547
T1027_AlphaFold_casp2,HMDB0010630,GLU,81,CA,4.636931262821765,-1.9,0.7283962264150942,-18.617377358490565,-13.241622641509437,T1027_AlphaFold_casp3,HMDB0010630,GLU,81,CA,29.584611063692574,-2.1,12.904584905660379,-5.074547169811319,13.142547169811323
T1027_AlphaFold_casp2,HMDB0010631,CYS,59,CA,6.256153754128875,-2.9,-12.701339622641509,-7.871150943396226,3.6346981132075475,T1027_AlphaFold_casp3,HMDB0010631,CYS,59,CA,6.248837125765906,-2.9,-11.498603773584907,-8.135905660377357,0.4482641509433962
T1027_AlphaFold_casp2,HMDB0010632,VAL,14,CA,6.706334892910418,-2.0,-6.9626,-14.37670909090909,3.828181818181819,T1027_AlphaFold_casp3,HMDB0010632,VAL,14,CA,7.292613219864704,-3.0,-4.424563636363636,-15.570163636363633,-4.52110909090909
T1027_AlphaFold_casp2,HMDB0010637,SER,61,CA,2.843857656874195,-5.0,-0.665709090909091,-7.1967454545454554,0.7863636363636366,T1027_AlphaFold_casp3,HMDB0010637,SER,61,CA,24.297293756634676,-2.4,11.555036363636363,-8.950745454545455,-19.17389090909091
T1027_AlphaFold_casp2,HMDB0010639,GLU,81,CA,6.198733154536084,-2.2,-2.476140350877192,-19.741350877192975,-11.784228070175438,T1027_AlphaFold_casp3,HMDB0010639,GLU,81,CA,15.492993821174018,-6.8,3.3539122807017545,-5.087614035087719,0.1560175438596492
T1027_AlphaFold_casp2,HMDB0010645,CYS,59,CA,5.884468776272407,-2.9,-12.632622641509435,-6.839754716981128,3.666377358490566,T1027_AlphaFold_casp3,HMDB0010645,CYS,59,CA,26.48625250368306,-2.8,12.284150943396225,-18.094943396226412,-9.50041509433962
T1027_AlphaFold_casp2,HMDB0010650,LYS,163,CA,7.63678567693057,-2.0,-13.442436363636363,12.13638181818182,5.79889090909091,T1027_AlphaFold_casp3,HMDB0010650,LYS,163,CA,40.37630093058743,-2.5,10.615399999999998,-19.101672727272728,-15.492454545454544
T1027_AlphaFold_casp2,HMDB0010651,ASP,83,CA,4.741413979356399,-2.9,4.359490909090909,-20.794090909090905,-11.643727272727267,T1027_AlphaFold_casp3,HMDB0010651,ASP,83,CA,15.665127680286218,-6.1,1.4237272727272732,-5.2898181818181795,0.8813636363636363
T1027_AlphaFold_casp2,HMDB0010653,VAL,14,CA,5.020312953259103,-3.3,-4.561070175438598,-13.976859649122808,-0.8989649122807021,T1027_AlphaFold_casp3,HMDB0010653,VAL,14,CA,10.045438887826716,-3.7,2.9633157894736826,-9.835596491228069,-5.3468947368421045
T1027_AlphaFold_casp2,HMDB0010655,ARG,54,CA,4.851279057812304,-3.3,1.5886666666666667,-10.885456140350879,12.576807017543858,T1027_AlphaFold_casp3,HMDB0010655,ARG,54,CA,24.557265818731608,-3.7,10.602526315789472,-5.916385964912281,-10.621491228070175
T1027_AlphaFold_casp2,HMDB0010662,SER,61,CA,4.2242611065366615,-6.4,0.9337454545454542,-5.771563636363635,0.26050909090909075,T1027_AlphaFold_casp3,HMDB0010662,SER,61,CA,13.7838741581939,-2.7,-5.878109090909089,-19.532745454545456,2.937636363636364
T1027_AlphaFold_casp2,HMDB0010677,VAL,14,CA,6.2760924872168,-2.3,-4.286654545454545,-20.991454545454545,0.9636181818181817,T1027_AlphaFold_casp3,HMDB0010677,VAL,14,CA,7.396893173723079,-5.7,-0.7537818181818184,-8.470709090909091,1.679618181818182
T1027_AlphaFold_casp2,HMDB0010678,LEU,60,CA,6.565554464963085,-5.7,2.2118545454545453,-2.696090909090909,1.3090545454545452,T1027_AlphaFold_casp3,HMDB0010678,LEU,60,CA,10.468184833378954,-2.5,-9.784072727272726,-12.141909090909095,0.9490363636363636
T1027_AlphaFold_casp2,HMDB0010679,ALA,87,CA,7.273468581696472,-2.5,-1.8876909090909084,-24.34723636363637,-0.37785454545454566,T1027_AlphaFold_casp3,HMDB0010679,ALA,87,CA,19.611395396916933,-2.4,-13.377545454545452,-7.916509090909092,-1.7668545454545446
T1027_AlphaFold_casp2,HMDB0010684,VAL,14,CA,2.8862057484429844,-2.9,-3.6256666666666653,-15.753070175438598,1.4974561403508768,T1027_AlphaFold_casp3,HMDB0010684,VAL,14,CA,15.249630612412224,-3.1,1.6395789473684212,-6.309596491228068,13.413298245614033
T1027_AlphaFold_casp2,HMDB0011134,LEU,131,CA,4.658349612561,-7.2,3.7279166666666668,1.231125,1.514916666666667,T1027_AlphaFold_casp3,HMDB0011134,LEU,131,CA,4.604109294325801,-7.6,3.247958333333333,1.7249583333333336,1.4416249999999995
T1027_AlphaFold_casp2,HMDB0011181,LEU,57,CA,6.179172805571237,-9.7,1.954,-2.2538,2.3334333333333332,T1027_AlphaFold_casp3,HMDB0011181,LEU,57,CA,5.3363257189651465,-10.6,1.7331333333333336,-3.015166666666667,2.8800000000000003
T1027_AlphaFold_casp2,HMDB0011214,ALA,87,CA,5.828202000335005,-2.4,-2.867784313725489,-20.599725490196082,-2.1440588235294116,T1027_AlphaFold_casp3,HMDB0011214,ALA,87,CA,13.083687447363603,-3.3,-5.63721568627451,-11.76443137254902,4.667450980392157
T1027_AlphaFold_casp2,HMDB0011237,ARG,48,CA,1.612181895694879,-3.6,4.66530612244898,-5.080836734693879,11.951551020408163,T1027_AlphaFold_casp3,HMDB0011237,ARG,48,CA,22.046310191777067,-3.0,-1.62365306122449,-20.53644897959184,-0.3095102040816323
T1027_AlphaFold_casp2,HMDB0011244,GLU,38,CA,3.123634315240924,-3.1,14.39488679245283,-12.984811320754712,4.169849056603773,T1027_AlphaFold_casp3,HMDB0011244,GLU,38,CA,16.84944546542544,-2.5,14.07167924528302,-6.573396226415093,-14.219603773584904
T1027_AlphaFold_casp2,HMDB0011254,ARG,54,CA,5.3837913377037445,-2.9,2.349254545454545,-9.50929090909091,13.379381818181818,T1027_AlphaFold_casp3,HMDB0011254,ARG,54,CA,8.829179146050771,-3.8,6.510272727272726,-6.344690909090907,11.649363636363635
T1027_AlphaFold_casp2,HMDB0011269,ASP,83,CA,3.1519404040533296,-3.5,6.924857142857142,-17.98365306122449,-8.404918367346937,T1027_AlphaFold_casp3,HMDB0011269,ASP,83,CA,10.632917736707322,-4.3,0.9809591836734692,-7.9441836734693885,-6.750265306122449
T1027_AlphaFold_casp2,HMDB0011280,THR,53,CA,5.2512289770407925,-2.6,0.8091509433962265,-8.281188679245284,15.815113207547164,T1027_AlphaFold_casp3,HMDB0011280,THR,53,CA,29.491003117145144,-3.0,0.6749433962264154,12.06228301886792,-11.522132075471701
T1027_AlphaFold_casp2,HMDB0011303,LYS,33,CA,4.981096613427933,-4.1,12.718265306122452,-15.184367346938775,-11.216040816326533,T1027_AlphaFold_casp3,HMDB0011303,LYS,33,CA,14.985875397694835,-4.5,3.884714285714285,-6.024551020408163,2.102734693877551
T1027_AlphaFold_casp2,HMDB0011308,SER,61,CA,3.88953174633749,-4.5,-3.1661320754716984,-10.188735849056602,-0.6602075471698127,T1027_AlphaFold_casp3,HMDB0011308,SER,61,CA,21.988133569408404,-3.2,14.568849056603778,-17.945433962264154,-5.715226415094341
T1027_AlphaFold_casp2,HMDB0011537,LEU,57,CA,4.682091342133003,-6.3,1.616962962962963,-4.014037037037036,3.1570000000000005,T1027_AlphaFold_casp3,HMDB0011537,LEU,57,CA,5.807524249816654,-5.6,2.717814814814815,-3.835888888888889,2.7542962962962965
T1027_AlphaFold_casp2,HMDB0011538,LEU,131,CA,4.267242082147944,-6.3,2.556000000000001,1.0771111111111111,2.244444444444445,T1027_AlphaFold_casp3,HMDB0011538,LEU,131,CA,4.405365684106099,-6.4,2.7246296296296304,1.4187407407407406,1.8717037037037032
T1027_AlphaFold_casp2,HMDB0011567,LEU,131,CA,4.6715519112238555,-6.3,4.36711111111111,0.7362222222222222,1.7664444444444445,T1027_AlphaFold_casp3,HMDB0011567,LEU,131,CA,8.686021897388953,-5.4,2.937629629629629,-5.204740740740737,3.120777777777778
T1027_AlphaFold_casp2,HMDB0011568,LEU,131,CA,4.546047553729303,-6.6,3.3692592592592585,0.9689999999999999,1.7851851851851857,T1027_AlphaFold_casp3,HMDB0011568,LEU,131,CA,24.805013802719127,-4.1,13.047851851851853,-17.20348148148148,-5.2614074074074075
T1027_AlphaFold_casp2,HMDB0011578,CYS,59,CA,5.311778636371001,-4.1,-11.834310344827585,-5.650724137931035,1.8483793103448276,T1027_AlphaFold_casp3,HMDB0011578,CYS,59,CA,8.761685449409129,-5.6,1.2758965517241376,-7.391620689655174,1.2009655172413796
T1027_AlphaFold_casp2,HMDB0011616,SER,61,CA,4.675835814568343,-6.6,0.4658400000000002,-9.14916,0.44943999999999995,T1027_AlphaFold_casp3,HMDB0011616,SER,61,CA,10.580035966441702,-7.7,3.9430000000000014,1.27456,1.44976
T1027_AlphaFold_casp2,HMDB0011628,LYS,34,CA,5.512355026702122,-8.6,13.987599999999999,-15.8456,-8.363857142857142,T1027_AlphaFold_casp3,HMDB0011628,LYS,34,CA,5.566284050991874,-8.6,14.055285714285713,-15.803399999999998,-8.441457142857141
T1027_AlphaFold_casp2,HMDB0011694,PHE,9,CA,7.4673419913525,-2.9,-3.488642857142857,-23.250249999999998,2.0463928571428576,T1027_AlphaFold_casp3,HMDB0011694,PHE,9,CA,15.111251353038883,-5.0,0.8248392857142857,-8.272857142857141,-1.2158750000000003
T1027_AlphaFold_casp2,HMDB0011720,ARG,27,CA,5.955570288225975,-5.4,10.5634,-16.785019999999996,-12.918759999999997,T1027_AlphaFold_casp3,HMDB0011720,ARG,27,CA,7.939661430967946,-6.2,11.396080000000001,-18.437959999999993,-8.621480000000002
T1027_AlphaFold_casp2,HMDB0011729,LEU,131,CA,5.155229530400283,-6.9,4.451555555555557,0.4237555555555557,1.3951777777777778,T1027_AlphaFold_casp3,HMDB0011729,LEU,131,CA,5.165798675428779,-6.8,4.381933333333333,0.24808888888888878,1.4806222222222223
T1027_AlphaFold_casp2,HMDB0011730,SER,61,CA,5.320077754328292,-6.7,1.9229999999999998,-7.234644444444445,0.8589111111111112,T1027_AlphaFold_casp3,HMDB0011730,SER,61,CA,8.435387755824335,-6.5,4.018955555555555,-2.412822222222222,1.6670444444444443
T1027_AlphaFold_casp2,HMDB0011740,GLY,75,CA,4.6831894414419,-5.3,5.340387096774193,-4.162129032258064,-12.221129032258068,T1027_AlphaFold_casp3,HMDB0011740,GLY,75,CA,10.54904530283422,-5.5,4.262419354838709,0.3467741935483871,1.2688387096774192
T1027_AlphaFold_casp2,HMDB0011742,LEU,131,CA,5.271011626638493,-5.4,4.351451612903227,0.32567741935483896,1.3057419354838713,T1027_AlphaFold_casp3,HMDB0011742,LEU,131,CA,19.72869498029178,-5.3,7.7530322580645175,-5.37058064516129,-11.614645161290321
T1027_AlphaFold_casp2,HMDB0011759,ASP,83,CA,6.463735535456321,-3.6,8.277179487179486,-18.125794871794877,-12.456846153846152,T1027_AlphaFold_casp3,HMDB0011759,ASP,83,CA,17.539470893001397,-6.7,2.2160769230769226,-3.636743589743589,1.9835128205128205
T1027_AlphaFold_casp2,HMDB0011760,ALA,87,CA,6.085998886767257,-2.7,-3.1739512195121957,-20.441682926829262,-2.162073170731708,T1027_AlphaFold_casp3,HMDB0011760,ALA,87,CA,32.63105556250274,-3.1,-13.850439024390246,8.60673170731707,2.630829268292683
T1027_AlphaFold_casp2,HMDB0011761,SER,61,CA,3.173588097765363,-4.0,-2.33760465116279,-8.067930232558137,-2.5837906976744183,T1027_AlphaFold_casp3,HMDB0011761,SER,61,CA,5.947664051913035,-5.1,0.16776744186046533,-11.189465116279068,-0.6209069767441857
T1027_AlphaFold_casp2,HMDB0011762,LEU,144,CA,5.571114768244492,-4.5,6.946418604651161,-6.022348837209301,-7.897372093023256,T1027_AlphaFold_casp3,HMDB0011762,LEU,144,CA,14.32804313226339,-4.0,11.176767441860468,-16.15404651162791,-9.78211627906977
T1027_AlphaFold_casp2,HMDB0011763,LEU,35,CA,7.061595919418703,-5.4,4.610883720930233,-7.065325581395351,-3.6452558139534887,T1027_AlphaFold_casp3,HMDB0011763,LEU,35,CA,11.844785854017305,-5.4,0.7476511627906977,-6.68848837209302,0.8235581395348837
T1027_AlphaFold_casp2,HMDB0011764,ASP,118,CA,4.968382889064176,-3.5,-14.298111111111114,7.103399999999999,3.953933333333333,T1027_AlphaFold_casp3,HMDB0011764,ASP,118,CA,17.179276417335217,-4.6,2.1595333333333335,-6.915888888888891,-0.14375555555555547
T1027_AlphaFold_casp2,HMDB0011765,ASP,118,CA,6.129137533161375,-2.3,-16.035489361702133,6.149808510638299,5.56308510638298,T1027_AlphaFold_casp3,HMDB0011765,ASP,118,CA,32.5099674221607,-2.7,4.730829787234043,-18.800872340425528,-13.553000000000004
T1027_AlphaFold_casp2,HMDB0011768,GLY,28,CA,6.164864764515497,-2.7,8.22595918367347,-19.554673469387765,-15.086612244897957,T1027_AlphaFold_casp3,HMDB0011768,GLY,28,CA,16.55992876835509,-2.9,-0.24230612244897962,-17.924755102040812,-8.58583673469388
T1027_AlphaFold_casp2,HMDB0011769,LYS,34,CA,5.135732067020558,-3.6,12.571897959183676,-16.70777551020408,-9.322612244897961,T1027_AlphaFold_casp3,HMDB0011769,LYS,34,CA,23.728354120621933,-2.3,-13.976530612244897,-8.645367346938778,-9.895
T1027_AlphaFold_casp2,HMDB0011771,ALA,15,CA,4.711456911686713,-4.9,0.39168627450980403,-9.543627450980393,0.6916666666666667,T1027_AlphaFold_casp3,HMDB0011771,ALA,15,CA,5.714440838514808,-4.3,-1.5276078431372544,-10.3938431372549,-1.2496078431372555
T1027_AlphaFold_casp2,HMDB0011772,SER,61,CA,5.367625230647712,-6.3,1.78,-4.851098039215684,1.1081960784313727,T1027_AlphaFold_casp3,HMDB0011772,SER,61,CA,4.825201098732999,-5.2,1.516705882352941,-6.649039215686273,0.6870784313725492
T1027_AlphaFold_casp2,HMDB0011773,GLY,75,CA,5.480389068596791,-3.6,6.294000000000001,-1.9082307692307698,-14.344461538461532,T1027_AlphaFold_casp3,HMDB0011773,GLY,75,CA,11.58879114800976,-6.5,3.2575897435897447,-2.056897435897437,2.1642051282051282
T1027_AlphaFold_casp2,HMDB0011774,PRO,31,CA,2.904487867474981,-3.7,8.410441860465117,-6.7403488372093,-14.384116279069769,T1027_AlphaFold_casp3,HMDB0011774,PRO,31,CA,5.082126008827916,-3.1,9.854116279069768,-4.45046511627907,-14.366930232558145
T1027_AlphaFold_casp2,HMDB0012108,GLY,130,CA,3.6724844457235815,-3.7,5.335971428571427,5.513942857142856,12.550000000000002,T1027_AlphaFold_casp3,HMDB0012108,GLY,130,CA,29.331844047111698,-4.2,10.435885714285712,-16.368228571428574,-9.988714285714288
T1027_AlphaFold_casp2,HMDB0012173,MET,43,CA,5.272973482733377,-9.1,3.64540625,-4.3313125,2.53015625,T1027_AlphaFold_casp3,HMDB0012173,MET,43,CA,5.398442500811722,-9.0,3.50415625,-4.383312500000001,2.5350000000000006
T1027_AlphaFold_casp2,HMDB0012252,LEU,131,CA,4.292609853783593,-6.9,3.1478800000000002,2.3142,1.64632,T1027_AlphaFold_casp3,HMDB0012252,LEU,131,CA,10.113489860498206,-4.8,2.9370800000000004,-6.13216,1.57308
T1027_AlphaFold_casp2,HMDB0012335,ARG,76,CA,6.16471191460169,-5.3,4.100547169811321,-2.842132075471698,-1.3241132075471698,T1027_AlphaFold_casp3,HMDB0012335,ARG,76,CA,6.453738866920987,-4.7,6.457226415094341,-3.819207547169812,-9.760849056603778
T1027_AlphaFold_casp2,HMDB0012358,ASP,8,CA,4.930575570176686,-3.1,0.8385272727272729,-19.208454545454547,15.423363636363637,T1027_AlphaFold_casp3,HMDB0012358,ASP,8,CA,33.7560335005695,-3.0,-13.05734545454545,9.102000000000004,4.092436363636364
T1027_AlphaFold_casp2,HMDB0012361,ALA,165,CA,4.265515582261738,-2.4,-12.128315789473682,6.107543859649125,10.47954385964912,T1027_AlphaFold_casp3,HMDB0012361,ALA,165,CA,22.759244432051833,-3.6,-11.618385964912278,-6.618614035087719,-7.415631578947369
T1027_AlphaFold_casp2,HMDB0012365,ILE,95,CA,4.761977959473105,-3.7,-9.579811320754718,-7.173981132075471,-10.12188679245283,T1027_AlphaFold_casp3,HMDB0012365,ILE,95,CA,31.565047373325974,-3.4,-0.41649056603773593,-16.421981132075473,14.261792452830187
T1027_AlphaFold_casp2,HMDB0012368,TYR,80,CA,3.7765207534610887,-3.9,4.3394181818181785,-12.429290909090911,-12.316400000000003,T1027_AlphaFold_casp3,HMDB0012368,TYR,80,CA,15.700595943271843,-2.7,12.133799999999997,0.7468,-11.76885454545455
T1027_AlphaFold_casp2,HMDB0012375,ASP,8,CA,6.110099107510086,-1.7,4.153849056603774,-24.668433962264146,11.649924528301884,T1027_AlphaFold_casp3,HMDB0012375,ASP,8,CA,9.677224182604464,-2.8,-1.2995471698113206,-12.141283018867918,13.716622641509439
T1027_AlphaFold_casp2,HMDB0012380,GLY,51,CA,4.067984246426996,-2.6,2.8979824561403515,-3.389491228070175,16.475719298245615,T1027_AlphaFold_casp3,HMDB0012380,GLY,51,CA,28.302730041044427,-2.5,-2.524631578947369,-22.610017543859648,-2.746614035087719
T1027_AlphaFold_casp2,HMDB0012385,LYS,33,CA,4.617345307787716,-3.6,13.895037735849057,-13.037264150943395,-10.17854716981132,T1027_AlphaFold_casp3,HMDB0012385,LYS,33,CA,24.4049884511511,-3.6,-1.2792264150943395,-7.435905660377361,10.791509433962265
T1027_AlphaFold_casp2,HMDB0012388,LYS,142,CA,4.631090602182151,-2.0,18.294745454545456,0.4104909090909091,-9.380072727272726,T1027_AlphaFold_casp3,HMDB0012388,LYS,142,CA,17.31212060408106,-5.2,1.2248181818181822,-6.137090909090908,0.5160727272727275
T1027_AlphaFold_casp2,HMDB0012392,ARG,54,CA,4.76513723782982,-3.6,-1.8573684210526316,-13.076982456140351,11.50059649122807,T1027_AlphaFold_casp3,HMDB0012392,ARG,54,CA,6.871747054997965,-4.2,4.69959649122807,-6.966263157894733,11.133929824561404
T1027_AlphaFold_casp2,HMDB0012402,PRO,145,CA,7.27234687854503,-2.2,13.638245614035084,-2.337017543859649,-14.661614035087718,T1027_AlphaFold_casp3,HMDB0012402,PRO,145,CA,24.710081345432197,-2.8,4.7586666666666675,4.595175438596495,15.010280701754388
T1027_AlphaFold_casp2,HMDB0012412,ARG,54,CA,4.873520652213664,-3.6,2.584543859649123,-9.377701754385967,11.831070175438596,T1027_AlphaFold_casp3,HMDB0012412,ARG,54,CA,21.56348608629657,-2.9,-0.42945614035087737,-21.0910350877193,-7.083807017543858
T1027_AlphaFold_casp2,HMDB0012420,LEU,37,CA,5.729234727916048,-2.4,14.764210526315793,-18.825543859649123,-0.08356140350877168,T1027_AlphaFold_casp3,HMDB0012420,LEU,37,CA,14.488353314361603,-3.5,10.97598245614035,-3.8031929824561392,-9.562070175438597
T1027_AlphaFold_casp2,HMDB0012421,HIS,62,CA,4.743198834158568,-2.7,-10.43078947368421,-9.287631578947368,-3.070649122807018,T1027_AlphaFold_casp3,HMDB0012421,HIS,62,CA,23.143441358096688,-3.1,9.989561403508773,-18.243438596491227,-12.23080701754386
T1027_AlphaFold_casp2,HMDB0012454,MET,43,CA,5.5046067597450286,-9.3,4.025363636363637,-2.584787878787879,2.432909090909091,T1027_AlphaFold_casp3,HMDB0012454,MET,43,CA,5.238231759216946,-9.0,3.8033636363636356,-4.092212121212122,2.2914242424242417
T1027_AlphaFold_casp2,HMDB0012598,LEU,131,CA,4.290485992326187,-7.8,2.826166666666667,1.2075833333333335,2.0648750000000002,T1027_AlphaFold_casp3,HMDB0012598,LEU,131,CA,4.340746923933586,-7.8,3.1037916666666665,1.3800833333333333,1.867625
T1027_AlphaFold_casp2,HMDB0012611,LEU,131,CA,4.614162764318681,-7.0,2.8734999999999995,0.914875,1.8270000000000002,T1027_AlphaFold_casp3,HMDB0012611,LEU,131,CA,7.386712574245318,-6.9,1.1596666666666664,-3.288124999999999,3.042833333333333
T1027_AlphaFold_casp2,HMDB0013078,LEU,57,CA,4.6832347415862055,-6.0,1.7154800000000003,-4.40888,3.0826,T1027_AlphaFold_casp3,HMDB0013078,LEU,57,CA,5.022829766416537,-6.3,-0.39848000000000006,-2.17724,2.4868799999999998
T1027_AlphaFold_casp2,HMDB0013122,SER,61,CA,5.339939520180324,-6.1,1.843171428571428,-4.866428571428572,0.6405428571428572,T1027_AlphaFold_casp3,HMDB0013122,SER,61,CA,10.343893319761774,-3.3,-13.450057142857142,-5.963228571428573,1.5255714285714292
T1027_AlphaFold_casp2,HMDB0013205,LEU,131,CA,4.8986533007712465,-6.1,2.586727272727273,0.37850000000000006,1.8858636363636365,T1027_AlphaFold_casp3,HMDB0013205,LEU,131,CA,4.778414032642565,-6.2,2.6611363636363645,1.082227272727273,1.6142272727272726
T1027_AlphaFold_casp2,HMDB0013207,LYS,34,CA,4.453757400458949,-3.7,11.346035714285717,-16.28667857142857,-10.001142857142856,T1027_AlphaFold_casp3,HMDB0013207,LYS,34,CA,18.644149802270142,-6.8,2.216892857142857,1.4061428571428567,1.565821428571429
T1027_AlphaFold_casp2,HMDB0013288,LEU,131,CA,4.566593150259831,-6.3,3.215761904761905,1.613047619047619,1.520190476190476,T1027_AlphaFold_casp3,HMDB0013288,LEU,131,CA,4.320029690941053,-6.2,3.477714285714286,1.2739999999999998,1.880857142857143
T1027_AlphaFold_casp2,HMDB0013302,LEU,131,CA,4.9109218187362105,-8.5,2.8054814814814812,1.0408888888888888,1.4452962962962965,T1027_AlphaFold_casp3,HMDB0013302,LEU,131,CA,4.903847007668855,-8.4,2.7074444444444445,0.9683333333333336,1.5115925925925922
T1027_AlphaFold_casp2,HMDB0013325,LEU,131,CA,4.460198529148842,-6.9,2.649409090909091,1.7952727272727274,1.7036363636363634,T1027_AlphaFold_casp3,HMDB0013325,LEU,131,CA,4.305481011416659,-6.6,2.8120454545454545,1.890090909090909,1.7979545454545458
T1027_AlphaFold_casp2,HMDB0013326,LEU,131,CA,4.532449927904151,-6.3,3.569041666666667,1.2059166666666667,1.6704166666666664,T1027_AlphaFold_casp3,HMDB0013326,LEU,131,CA,7.940092241408997,-5.7,5.011208333333334,-3.9762916666666666,2.204916666666666
T1027_AlphaFold_casp2,HMDB0013327,LEU,57,CA,5.614689617423211,-5.9,2.6830000000000003,-4.328961538461538,2.8181923076923074,T1027_AlphaFold_casp3,HMDB0013327,LEU,57,CA,6.777712500297308,-5.9,3.639538461538461,-3.6335,2.423346153846154
T1027_AlphaFold_casp2,HMDB0013328,ALA,15,CA,5.282459468708565,-4.8,2.268190476190476,-8.49242857142857,1.0440952380952382,T1027_AlphaFold_casp3,HMDB0013328,ALA,15,CA,15.060266818034316,-5.9,3.605809523809524,1.2135238095238092,2.043714285714286
T1027_AlphaFold_casp2,HMDB0013329,LYS,33,CA,4.980684003725838,-3.8,10.706807692307693,-16.12442307692308,-11.311923076923076,T1027_AlphaFold_casp3,HMDB0013329,LYS,33,CA,17.10566731746352,-6.4,1.557923076923077,-3.7655000000000007,2.3683461538461534
T1027_AlphaFold_casp2,HMDB0013330,LEU,57,CA,5.175991565016548,-6.5,1.1062142857142858,-2.7411785714285712,2.726821428571428,T1027_AlphaFold_casp3,HMDB0013330,LEU,57,CA,10.031349980237975,-6.9,3.7648928571428573,1.361357142857143,1.3265357142857142
T1027_AlphaFold_casp2,HMDB0013331,LYS,34,CA,5.249131676430764,-4.0,10.372923076923076,-16.438153846153845,-11.533499999999997,T1027_AlphaFold_casp3,HMDB0013331,LYS,34,CA,15.367345943080721,-6.6,4.3215,-2.5335769230769234,2.317538461538461
T1027_AlphaFold_casp2,HMDB0013332,HIS,62,CA,6.586220630035104,-4.2,-13.19375,-4.86625,-1.34825,T1027_AlphaFold_casp3,HMDB0013332,HIS,62,CA,13.516469850213655,-6.5,4.328678571428572,0.28167857142857144,1.6680714285714289
T1027_AlphaFold_casp2,HMDB0013333,MET,43,CA,5.245778339240465,-6.2,4.232966666666666,-3.0426,2.0783,T1027_AlphaFold_casp3,HMDB0013333,MET,43,CA,4.888470322662863,-6.2,4.375833333333333,-3.2405333333333326,2.5565000000000007
T1027_AlphaFold_casp2,HMDB0013334,MET,43,CA,4.853403218466441,-6.2,4.086428571428572,-4.034000000000001,2.752785714285715,T1027_AlphaFold_casp3,HMDB0013334,MET,43,CA,5.726642566031306,-5.6,3.1116428571428574,-4.6351071428571435,2.615892857142857
T1027_AlphaFold_casp2,HMDB0013335,LYS,34,CA,5.431563846219205,-4.2,11.483833333333333,-16.636666666666667,-11.1111,T1027_AlphaFold_casp3,HMDB0013335,LYS,34,CA,15.838917519269497,-6.2,2.751266666666667,-2.8052,2.464266666666667
T1027_AlphaFold_casp2,HMDB0013336,LEU,57,CA,5.720957468136101,-6.2,1.5588666666666668,-2.8994999999999993,2.1535333333333337,T1027_AlphaFold_casp3,HMDB0013336,LEU,57,CA,7.605381988580338,-5.6,3.6003666666666665,-2.067133333333333,1.9177999999999997
T1027_AlphaFold_casp2,HMDB0013337,LEU,131,CA,6.1966905334846105,-6.6,2.5964333333333327,-1.9786999999999997,2.3557,T1027_AlphaFold_casp3,HMDB0013337,LEU,131,CA,18.9701888003842,-4.1,-12.823299999999998,-5.15043333333333,1.9536666666666664
T1027_AlphaFold_casp2,HMDB0013338,LYS,33,CA,4.657897425162272,-4.2,8.075266666666668,-14.530533333333334,-13.647966666666665,T1027_AlphaFold_casp3,HMDB0013338,LYS,33,CA,7.60045052648562,-3.5,13.072433333333334,-17.540666666666663,-8.027199999999999
T1027_AlphaFold_casp2,HMDB0013339,LEU,57,CA,5.331117852260209,-6.8,1.0863125,-2.9588750000000004,2.2885624999999994,T1027_AlphaFold_casp3,HMDB0013339,LEU,57,CA,5.423185347152567,-6.5,1.6989374999999998,-3.4193437500000003,2.3992500000000003
T1027_AlphaFold_casp2,HMDB0013340,PRO,36,CA,6.379548019691274,-3.6,14.510031249999999,-18.605562499999998,-4.351343750000001,T1027_AlphaFold_casp3,HMDB0013340,PRO,36,CA,27.08530533443495,-3.4,-12.534749999999997,-6.04734375,2.3320625
T1027_AlphaFold_casp2,HMDB0013428,ILE,91,CA,4.557677936868651,-3.9,-5.928226415094337,-9.840358490566038,-5.579358490566036,T1027_AlphaFold_casp3,HMDB0013428,ILE,91,CA,14.274373204023583,-3.0,-1.238188679245283,-21.246132075471696,-0.35988679245282984
T1027_AlphaFold_casp2,HMDB0013464,GLY,32,CA,4.135785129524985,-3.8,5.55924,-6.404660000000002,-10.54062,T1027_AlphaFold_casp3,HMDB0013464,GLY,32,CA,18.142634595107737,-3.9,-0.017960000000000313,-9.626619999999997,3.9898399999999996
T1027_AlphaFold_casp2,HMDB0013467,GLU,93,CA,1.7674465424224428,-3.6,-7.4542241379310346,-7.386431034482761,-12.47253448275862,T1027_AlphaFold_casp3,HMDB0013467,GLU,93,CA,27.129486978567684,-3.0,14.966568965517242,-18.90408620689655,-1.4894655172413784
T1027_AlphaFold_casp2,HMDB0013620,LEU,131,CA,4.856481806410892,-7.1,1.9964000000000002,1.3689600000000002,1.64688,T1027_AlphaFold_casp3,HMDB0013620,LEU,131,CA,4.9660595091078,-6.8,3.19132,-0.30483999999999983,2.1762
T1027_AlphaFold_casp2,HMDB0013621,LEU,131,CA,4.932188078165715,-7.3,3.4588400000000004,0.6639200000000003,1.4970799999999997,T1027_AlphaFold_casp3,HMDB0013621,LEU,131,CA,4.946016720392279,-7.3,3.9088800000000004,1.21012,1.2116399999999998
T1027_AlphaFold_casp2,HMDB0013623,LEU,131,CA,4.618144518908071,-6.3,2.2888636363636365,1.0558181818181818,1.9408636363636362,T1027_AlphaFold_casp3,HMDB0013623,LEU,131,CA,4.543777037047119,-6.2,3.209318181818182,0.7146363636363636,1.949727272727273
T1027_AlphaFold_casp2,HMDB0013624,LEU,131,CA,4.48148899130635,-6.6,3.9729600000000005,0.8682399999999998,1.8814,T1027_AlphaFold_casp3,HMDB0013624,LEU,131,CA,4.489434341384224,-6.6,3.10844,0.83304,1.96352
T1027_AlphaFold_casp2,HMDB0013625,ILE,98,CA,3.955042357296691,-5.0,-14.208888888888893,-4.045925925925927,-5.5947407407407415,T1027_AlphaFold_casp3,HMDB0013625,ILE,98,CA,10.86017848959163,-4.1,-12.353814814814816,-4.847777777777777,2.5230370370370365
T1027_AlphaFold_casp2,HMDB0013626,LEU,131,CA,5.571540476974355,-7.9,3.666586206896552,-1.3781379310344828,2.3803103448275857,T1027_AlphaFold_casp3,HMDB0013626,LEU,131,CA,25.319236255089187,-5.1,12.671586206896553,-16.2798275862069,-8.028827586206896
T1027_AlphaFold_casp2,HMDB0013627,LEU,131,CA,4.510452806158339,-7.6,2.882714285714286,0.8560714285714287,1.9770357142857142,T1027_AlphaFold_casp3,HMDB0013627,LEU,131,CA,6.769483372749251,-6.2,4.206071428571429,-2.7633928571428568,2.2852142857142854
T1027_AlphaFold_casp2,HMDB0013628,LEU,60,CA,5.119452901174713,-7.5,0.696151515151515,-2.429303030303031,1.254727272727273,T1027_AlphaFold_casp3,HMDB0013628,LEU,60,CA,7.43641658825088,-7.3,2.521030303030303,-0.31957575757575757,1.7439090909090906
T1027_AlphaFold_casp2,HMDB0013629,LEU,131,CA,5.766947184948409,-7.7,2.7609375,-1.7901562499999997,2.80434375,T1027_AlphaFold_casp3,HMDB0013629,LEU,131,CA,6.631183337318085,-7.0,3.938625,-2.5752500000000005,2.2305
T1027_AlphaFold_casp2,HMDB0013630,LEU,131,CA,4.586829029620343,-7.0,3.436931034482759,1.8138620689655174,1.4123793103448274,T1027_AlphaFold_casp3,HMDB0013630,LEU,131,CA,5.0486879700360925,-6.5,4.310517241379309,-0.20706896551724147,1.9476551724137932
T1027_AlphaFold_casp2,HMDB0013631,LEU,131,CA,4.582057762883396,-6.9,4.18608,1.6270800000000003,1.4626400000000002,T1027_AlphaFold_casp3,HMDB0013631,LEU,131,CA,25.982010525715673,-3.6,13.883120000000002,-15.755519999999999,-9.110440000000002
T1027_AlphaFold_casp2,HMDB0013633,GLY,32,CA,5.854219577374376,-4.3,9.02608695652174,-4.255260869565217,-11.844956521739132,T1027_AlphaFold_casp3,HMDB0013633,GLY,32,CA,18.392665626411812,-7.2,3.3072173913043468,0.8047826086956521,1.937521739130435
T1027_AlphaFold_casp2,HMDB0013643,MET,43,CA,5.664971671465053,-9.8,3.1145161290322583,-4.455451612903226,2.9917096774193546,T1027_AlphaFold_casp3,HMDB0013643,MET,43,CA,18.732630880206568,-7.5,10.456000000000003,-15.025580645161291,-11.828258064516127
T1027_AlphaFold_casp2,HMDB0013692,LEU,131,CA,5.207433149408215,-7.4,3.9189999999999996,0.18606666666666674,1.4403666666666668,T1027_AlphaFold_casp3,HMDB0013692,LEU,131,CA,4.994011807043401,-7.3,3.6848,0.4262666666666668,1.5458666666666663
T1027_AlphaFold_casp2,HMDB0029205,SER,61,CA,5.889779938869175,-6.0,2.519090909090909,-5.434159090909092,0.7711136363636361,T1027_AlphaFold_casp3,HMDB0029205,SER,61,CA,19.98131271159928,-3.2,-6.460977272727273,2.8133636363636354,-17.540477272727273
T1027_AlphaFold_casp2,HMDB0029206,THR,53,CA,6.169114503636576,-2.1,2.7731739130434785,-7.859717391304347,15.781413043478254,T1027_AlphaFold_casp3,HMDB0029206,THR,53,CA,21.849117574698653,-3.8,7.602521739130435,-5.914195652173913,-7.527065217391304
T1027_AlphaFold_casp2,HMDB0029207,LEU,131,CA,5.067905075146382,-6.2,2.189625,1.4420000000000002,1.3002083333333332,T1027_AlphaFold_casp3,HMDB0029207,LEU,131,CA,4.619984067207375,-6.1,2.7708333333333335,1.3605416666666663,1.6437916666666668
T1027_AlphaFold_casp2,HMDB0029220,ARG,48,CA,3.823012779441999,-2.3,7.253022727272728,-5.288477272727274,15.257272727272722,T1027_AlphaFold_casp3,HMDB0029220,ARG,48,CA,19.348578863235907,-3.5,-7.097454545454542,-13.744272727272726,1.4638636363636364
T1027_AlphaFold_casp2,HMDB0029221,ALA,15,CA,5.540234782794657,-3.7,4.117456521739131,-8.502086956521735,0.8805652173913047,T1027_AlphaFold_casp3,HMDB0029221,ALA,15,CA,15.24938203329722,-3.5,9.63045652173913,-3.5403478260869563,-7.593260869565219
T1027_AlphaFold_casp2,HMDB0030956,GLY,32,CA,6.048186704312784,-5.0,6.04441379310345,-6.778413793103448,-7.51658620689655,T1027_AlphaFold_casp3,HMDB0030956,GLY,32,CA,18.48758972675657,-7.4,3.1997586206896558,1.5942068965517242,1.4421034482758623
T1027_AlphaFold_casp2,HMDB0031035,LEU,131,CA,5.491312148416109,-7.0,2.479000000000001,-1.3120645161290325,2.7154516129032267,T1027_AlphaFold_casp3,HMDB0031035,LEU,131,CA,4.615567968089531,-7.0,2.9626451612903226,0.7026451612903225,1.9216451612903225
T1027_AlphaFold_casp2,HMDB0031452,SER,61,CA,5.326872139231532,-7.8,1.595,-8.494870967741933,-0.7016451612903227,T1027_AlphaFold_casp3,HMDB0031452,SER,61,CA,5.084930993446866,-7.6,1.3053870967741934,-8.506999999999998,0.6558387096774194
T1027_AlphaFold_casp2,HMDB0033844,LYS,34,CA,6.2873539176440785,-6.0,13.294428571428572,-18.053142857142863,-6.880285714285715,T1027_AlphaFold_casp3,HMDB0033844,LYS,34,CA,7.039812056014961,-6.2,13.96102380952381,-17.973023809523806,-5.193261904761904
T1027_AlphaFold_casp2,HMDB0034369,LEU,131,CA,5.3142652612907,-8.8,3.6640416666666664,0.49600000000000005,1.138875,T1027_AlphaFold_casp3,HMDB0034369,LEU,131,CA,4.722961609843507,-9.4,2.354416666666666,0.22950000000000004,2.307333333333333
T1027_AlphaFold_casp2,HMDB0035159,SER,61,CA,4.830858430508995,-4.8,0.5864545454545455,-9.238227272727272,0.5020909090909089,T1027_AlphaFold_casp3,HMDB0035159,SER,61,CA,5.961403534854179,-5.0,2.3225000000000002,-7.666409090909091,1.618227272727273
T1027_AlphaFold_casp2,HMDB0059759,LEU,131,CA,4.701148043899923,-10.8,3.31628125,0.6521875000000001,1.7860624999999999,T1027_AlphaFold_casp3,HMDB0059759,LEU,131,CA,4.784130938623087,-10.8,3.23228125,0.5742500000000005,1.7470937500000001
T1027_AlphaFold_casp2,HMDB0060524,LEU,131,CA,3.970639617115644,-7.5,2.3565454545454547,0.8265454545454546,2.8606818181818183,T1027_AlphaFold_casp3,HMDB0060524,LEU,131,CA,4.02503943951726,-7.5,2.2681818181818185,0.8307727272727273,2.830636363636364
T1027_AlphaFold_casp2,HMDB0062544,MET,43,CA,5.748383882623249,-8.2,3.608851851851852,-3.3089999999999997,1.9104074074074069,T1027_AlphaFold_casp3,HMDB0062544,MET,43,CA,6.5381193384814384,-8.8,2.1861851851851855,-4.887925925925926,3.0349999999999997
T1027_AlphaFold_casp2,YMDB00008,SER,61,CA,4.674424165596951,-5.9,0.6051612903225807,-8.984290322580646,0.25448387096774183,T1027_AlphaFold_casp3,YMDB00008,SER,61,CA,4.610052081887005,-5.9,0.5217741935483873,-8.993032258064515,0.23912903225806442
T1027_AlphaFold_casp2,YMDB00011,ALA,15,CA,5.215234714254356,-5.3,2.48095652173913,-8.582652173913043,1.6369565217391306,T1027_AlphaFold_casp3,YMDB00011,ALA,15,CA,5.251634257475585,-5.3,2.4064782608695654,-8.544521739130433,1.6237826086956517
T1027_AlphaFold_casp2,YMDB00023,LEU,57,CA,5.474405272684878,-7.2,2.96944,-5.206840000000001,3.3164800000000003,T1027_AlphaFold_casp3,YMDB00023,LEU,57,CA,5.497132250473879,-7.2,2.9822,-5.12464,3.3056399999999995
T1027_AlphaFold_casp2,YMDB00057,LYS,33,CA,4.706684923425406,-4.9,8.133079999999998,-14.938580000000002,-13.25584,T1027_AlphaFold_casp3,YMDB00057,LYS,33,CA,16.160707970172595,-7.3,1.8779000000000001,-3.4006599999999993,1.0794600000000003
T1027_AlphaFold_casp2,YMDB00097,MET,43,CA,5.547562648975427,-6.4,4.437851851851852,-2.086296296296297,2.050777777777777,T1027_AlphaFold_casp3,YMDB00097,MET,43,CA,7.147768276223695,-6.6,4.271,-0.026555555555555607,1.5728518518518517
T1027_AlphaFold_casp2,YMDB00108,LEU,131,CA,4.5015007197776535,-5.4,3.338095238095238,1.0101428571428568,1.818714285714286,T1027_AlphaFold_casp3,YMDB00108,LEU,131,CA,7.478383523359108,-5.1,4.643714285714286,-3.7985714285714285,2.8020000000000005
T1027_AlphaFold_casp2,YMDB00109,LEU,131,CA,6.126253947044105,-7.2,2.2358571428571428,-1.8237999999999996,2.4131428571428564,T1027_AlphaFold_casp3,YMDB00109,LEU,131,CA,6.979461808033333,-7.1,4.833714285714287,-2.7785142857142864,2.0274285714285716
T1027_AlphaFold_casp2,YMDB00110,SER,61,CA,2.879060631366217,-8.7,-1.4422500000000003,-7.722769230769232,-1.8545576923076925,T1027_AlphaFold_casp3,YMDB00110,SER,61,CA,5.281512754711521,-9.2,1.8829038461538465,-5.127923076923078,0.36203846153846175
T1027_AlphaFold_casp2,YMDB00143,SER,61,CA,4.749176336014712,-8.2,1.5067692307692302,-6.143288461538462,-0.1154423076923078,T1027_AlphaFold_casp3,YMDB00143,SER,61,CA,4.2528141350531286,-8.5,1.00225,-6.025173076923077,-0.14711538461538473
T1027_AlphaFold_casp2,YMDB00160,ALA,15,CA,5.783684304926509,-4.7,2.067961538461538,-8.016346153846156,1.5636923076923077,T1027_AlphaFold_casp3,YMDB00160,ALA,15,CA,14.676714839576618,-5.6,3.4766538461538463,0.8577307692307694,1.6415384615384618
T1027_AlphaFold_casp2,YMDB00259,CYS,59,CA,5.258266930971355,-3.9,-11.916499999999997,-5.584071428571428,2.2430714285714286,T1027_AlphaFold_casp3,YMDB00259,CYS,59,CA,25.641821620580775,-3.6,9.0845,-17.624535714285717,-12.230642857142856
T1027_AlphaFold_casp2,YMDB00349,LEU,57,CA,5.7504141287582256,-6.9,2.289433333333333,-4.1921,2.139233333333333,T1027_AlphaFold_casp3,YMDB00349,LEU,57,CA,5.759176266427151,-6.9,2.3291999999999997,-4.1632,2.181433333333333
T1027_AlphaFold_casp2,YMDB00415,MET,43,CA,5.375956465442613,-8.6,3.9645813953488367,-3.216976744186047,2.175697674418605,T1027_AlphaFold_casp3,YMDB00415,MET,43,CA,5.49605030234494,-8.5,3.871046511627906,-3.1682093023255815,2.1128604651162792
T1027_AlphaFold_casp2,YMDB00426,SER,61,CA,6.317474147366543,-8.8,2.854963636363636,-4.995090909090908,0.9072181818181818,T1027_AlphaFold_casp3,YMDB00426,SER,61,CA,5.020888328533438,-8.6,1.655527272727273,-7.254654545454545,0.5823454545454546
T1027_AlphaFold_casp2,YMDB00427,LEU,57,CA,6.723076632240272,-9.2,2.573018181818182,-3.1007636363636366,1.4687636363636363,T1027_AlphaFold_casp3,YMDB00427,LEU,57,CA,6.657106924232264,-8.9,1.1401090909090912,-3.9993818181818184,0.14045454545454555
T1027_AlphaFold_casp2,YMDB00534,LEU,131,CA,5.163262276215153,-8.2,4.043645161290322,-0.2133548387096774,1.7838709677419353,T1027_AlphaFold_casp3,YMDB00534,LEU,131,CA,5.149566054073426,-8.1,4.101387096774194,-0.09841935483870966,1.7151612903225808
T1027_AlphaFold_casp2,YMDB00658,LEU,131,CA,5.230576417838783,-7.3,4.319548387096774,0.1683548387096776,1.4474516129032255,T1027_AlphaFold_casp3,YMDB00658,LEU,131,CA,5.285589291771573,-7.4,4.406258064516129,0.12406451612903226,1.420161290322581
T1027_AlphaFold_casp2,YMDB00700,MET,43,CA,5.288550982281883,-6.9,4.600424242424242,-2.4165454545454548,1.9392121212121218,T1027_AlphaFold_casp3,YMDB00700,MET,43,CA,5.117493148225056,-7.2,4.0409999999999995,-3.859909090909091,2.1608484848484846
T1027_AlphaFold_casp2,YMDB00744,MET,43,CA,5.361757544396983,-7.7,4.6190857142857125,-2.238657142857143,1.9562,T1027_AlphaFold_casp3,YMDB00744,MET,43,CA,7.378129142711627,-7.9,4.266114285714285,0.25654285714285713,1.5052857142857141
T1027_AlphaFold_casp2,YMDB00745,MET,43,CA,5.005684956888223,-7.1,4.571548387096774,-2.8639354838709696,2.1767419354838715,T1027_AlphaFold_casp3,YMDB00745,MET,43,CA,7.761032215293673,-7.5,3.573870967741935,0.11045161290322579,1.3482903225806449
T1027_AlphaFold_casp2,YMDB00914,LEU,57,CA,6.11710097558259,-6.7,2.842064516129033,-3.368870967741935,2.6472580645161297,T1027_AlphaFold_casp3,YMDB00914,LEU,57,CA,6.148376847721885,-7.0,2.7310000000000008,-4.069580645161291,2.0704838709677413
T1027_AlphaFold_casp2,YMDB01107,ALA,115,CA,6.40722839579745,-2.8,-13.660056603773588,9.84509433962264,3.000075471698114,T1027_AlphaFold_casp3,YMDB01107,ALA,115,CA,34.260913682637984,-1.7,5.509943396226416,-21.086452830188676,-14.87416981132076
T1027_AlphaFold_casp2,YMDB01108,ALA,15,CA,3.6414860515917606,-4.6,0.8667547169811323,-12.234264150943394,-1.7889245283018869,T1027_AlphaFold_casp3,YMDB01108,ALA,15,CA,11.623012128432988,-5.1,3.8911132075471686,-4.186188679245283,-5.286584905660381
T1027_AlphaFold_casp2,YMDB01109,GLY,89,CA,7.385340682037088,-1.7,-6.140690909090909,-19.020272727272726,-2.4967272727272727,T1027_AlphaFold_casp3,YMDB01109,GLY,89,CA,6.861100966829213,-1.6,-7.028654545454546,-16.894290909090902,-4.697018181818183
T1027_AlphaFold_casp2,YMDB01110,SER,137,CA,3.3594246122593665,-3.2,17.33870175438597,3.5966666666666676,-0.6187368421052629,T1027_AlphaFold_casp3,YMDB01110,SER,137,CA,20.267441493494267,-4.3,-0.6639122807017542,-9.631631578947369,1.906929824561403
T1027_AlphaFold_casp2,YMDB01122,SER,61,CA,6.519127317553244,-5.6,3.091594594594594,-4.885405405405405,-0.6307567567567564,T1027_AlphaFold_casp3,YMDB01122,SER,61,CA,10.924949672313637,-2.3,-12.701702702702704,-7.502891891891891,5.257837837837839
T1027_AlphaFold_casp2,YMDB01123,LYS,34,CA,5.087631695978248,-3.8,11.634810810810809,-17.09467567567567,-9.86243243243243,T1027_AlphaFold_casp3,YMDB01123,LYS,34,CA,8.895359014759377,-4.1,4.970162162162161,-6.647702702702701,-11.534459459459459
T1027_AlphaFold_casp2,YMDB01124,SER,61,CA,5.894218550983558,-5.9,2.1640769230769226,-4.318820512820512,1.1314871794871793,T1027_AlphaFold_casp3,YMDB01124,SER,61,CA,23.38353627674926,-2.1,-9.055769230769227,7.457358974358976,-18.033333333333335
T1027_AlphaFold_casp2,YMDB01125,ASP,83,CA,7.30926854750458,-2.4,6.5683333333333325,-19.48815384615384,-14.398641025641023,T1027_AlphaFold_casp3,YMDB01125,ASP,83,CA,6.420444254262375,-4.0,7.210641025641025,-14.792666666666666,-12.079051282051283
T1027_AlphaFold_casp2,YMDB01127,MET,43,CA,6.226613325815303,-6.1,3.1017317073170725,-3.3527804878048775,1.7897317073170733,T1027_AlphaFold_casp3,YMDB01127,MET,43,CA,27.41766974945509,-2.5,-12.495756097560982,12.121853658536587,1.395341463414634
T1027_AlphaFold_casp2,YMDB01128,ALA,15,CA,3.76674670292201,-4.9,-0.3399512195121951,-12.296341463414633,-0.9684634146341463,T1027_AlphaFold_casp3,YMDB01128,ALA,15,CA,14.806295952775157,-3.4,14.505682926829268,-17.52346341463415,-6.57380487804878
T1027_AlphaFold_casp2,YMDB01129,PHE,72,CA,5.124302359777244,-2.6,-1.6485348837209308,11.030767441860467,-14.856093023255815,T1027_AlphaFold_casp3,YMDB01129,PHE,72,CA,14.944998682477483,-4.0,7.518883720930234,-5.292744186046512,-9.563651162790697
T1027_AlphaFold_casp2,YMDB01132,LYS,84,CA,1.8701191012444922,-3.1,1.1439999999999997,-22.448244444444445,-6.033244444444444,T1027_AlphaFold_casp3,YMDB01132,LYS,84,CA,7.962320438070708,-2.6,-1.5719777777777775,-23.33051111111111,0.35691111111111085
T1027_AlphaFold_casp2,YMDB01155,GLU,81,CA,2.666580823357884,-3.2,1.02815,-16.464250000000003,-13.123049999999997,T1027_AlphaFold_casp3,YMDB01155,GLU,81,CA,14.871106556108229,-3.5,14.112850000000003,-18.997000000000003,-9.635575
T1027_AlphaFold_casp2,YMDB01156,ASP,118,CA,5.4255417872319445,-2.9,-13.686599999999999,8.26735,4.08145,T1027_AlphaFold_casp3,YMDB01156,ASP,118,CA,34.33499289678825,-3.5,16.80325,-14.726400000000002,-5.1819999999999995
T1027_AlphaFold_casp2,YMDB01158,ASP,22,CA,5.132300665300859,-3.4,13.189809523809526,-21.11588095238095,-0.865738095238095,T1027_AlphaFold_casp3,YMDB01158,ASP,22,CA,42.69049780230776,-3.0,-5.522023809523809,9.956309523809523,-15.520523809523814
T1027_AlphaFold_casp2,YMDB01159,SER,61,CA,6.677112404374933,-5.3,3.3325,-6.992595238095238,-1.0718333333333334,T1027_AlphaFold_casp3,YMDB01159,SER,61,CA,22.862818710084316,-2.5,17.492309523809528,2.0128095238095236,4.733
T1027_AlphaFold_casp2,YMDB01161,ALA,19,CA,5.508947622508432,-2.3,13.663681818181816,-22.38709090909091,2.3458409090909087,T1027_AlphaFold_casp3,YMDB01161,ALA,19,CA,16.819304536389424,-5.0,-1.1517499999999998,-8.665295454545456,-1.4462727272727278
