Ligand,RMSD
ECMDB00045,0.0625
ECMDB00048,0.8792
ECMDB00055,0.2987
ECMDB00058,0.0020
ECMDB00061,1.2226
ECMDB00082,1.1508
ECMDB00095,0.1392
ECMDB00121,1.2064
ECMDB00125,1.2976
ECMDB00163,0.3945
ECMDB00186,0.0752
ECMDB00189,1.7528
ECMDB00217,2.1400
ECMDB00218,0.4075
ECMDB00229,1.7482
ECMDB00241,0.8701
ECMDB00244,0.0797
ECMDB00258,0.8811
ECMDB00280,0.6182
ECMDB00285,0.5341
ECMDB00288,0.0207
ECMDB00290,2.9877
ECMDB00293,1.6825
ECMDB00295,1.2315
ECMDB00302,1.0087
ECMDB00538,1.7204
ECMDB00570,0.6291
ECMDB00674,3.3715
ECMDB00797,1.8519
ECMDB00830,0.0320
ECMDB00902,4.1906
ECMDB00905,0.0557
ECMDB00939,1.9610
ECMDB00960,1.4815
ECMDB00961,1.4779
ECMDB00972,3.6803
ECMDB00975,0.0512
ECMDB00988,0.6573
ECMDB00998,1.7860
ECMDB00999,1.6655
ECMDB01000,1.4252
ECMDB01003,1.6603
ECMDB01044,1.8903
ECMDB01056,2.6207
ECMDB01058,0.0626
ECMDB01060,1.9359
ECMDB01062,0.0960
ECMDB01066,1.1432
ECMDB01079,2.0470
ECMDB01094,2.0769
ECMDB01095,1.8639
ECMDB01097,0.4736
ECMDB01117,1.7216
ECMDB01121,1.3346
ECMDB01124,0.3714
ECMDB01134,0.8973
ECMDB01142,1.2720
ECMDB01144,3.1321
ECMDB01163,2.9569
ECMDB01174,1.6406
ECMDB01178,1.3646
ECMDB01179,0.8510
ECMDB01185,2.2808
ECMDB01191,2.7585
ECMDB01193,3.4576
ECMDB01197,3.6215
ECMDB01201,1.9254
ECMDB01202,0.4683
ECMDB01227,0.0576
ECMDB01245,0.1298
ECMDB01248,3.1510
ECMDB01261,1.4330
ECMDB01262,1.1384
ECMDB01271,1.1857
ECMDB01273,3.6180
ECMDB01274,0.9225
ECMDB01285,1.0881
ECMDB01296,0.3104
ECMDB01308,0.8092
ECMDB01317,1.9012
ECMDB01328,3.4069
ECMDB01332,0.8018
ECMDB01341,1.5318
ECMDB01342,1.0030
ECMDB01346,2.5325
ECMDB01354,1.3880
ECMDB01367,0.0485
ECMDB01372,2.4093
ECMDB01373,4.0532
ECMDB01384,4.0104
ECMDB01391,3.3889
ECMDB01396,2.1992
ECMDB01397,0.5071
ECMDB01399,0.7749
ECMDB01409,0.5933
ECMDB01412,1.9032
ECMDB01416,2.6751
ECMDB01423,2.8903
ECMDB01439,1.5462
ECMDB01440,0.9610
ECMDB01487,3.8628
ECMDB01517,0.3857
ECMDB01520,0.0897
ECMDB01532,1.2646
ECMDB01546,1.1850
ECMDB01550,1.5875
ECMDB01554,0.8944
ECMDB01562,1.1543
ECMDB01846,3.2139
ECMDB02158,0.9258
ECMDB02666,0.7545
ECMDB03266,1.9687
ECMDB03335,0.1496
ECMDB03419,1.7407
ECMDB03502,0.6562
ECMDB03514,1.2421
ECMDB03536,0.2090
ECMDB03540,0.0286
ECMDB03556,1.3672
ECMDB03826,1.6361
ECMDB03882,0.4258
ECMDB04007,2.0191
ECMDB04010,0.9857
ECMDB04033,1.4693
ECMDB04034,0.1678
ECMDB04052,0.6086
ECMDB04053,3.0756
ECMDB04063,1.9560
ECMDB04085,0.0394
ECMDB04108,0.4930
ECMDB04111,1.5549
ECMDB04117,2.3089
ECMDB04119,1.6274
ECMDB04120,2.9973
ECMDB04137,1.4671
ECMDB04138,2.1129
ECMDB04165,1.1943
ECMDB04166,3.0272
ECMDB04167,2.8041
ECMDB04168,1.7181
ECMDB04169,3.6064
ECMDB04171,1.0248
ECMDB04220,3.0530
ECMDB04662,1.3780
ECMDB06273,0.2902
ECMDB06354,2.3812
ECMDB06555,1.0066
ECMDB06557,3.2281
ECMDB06823,2.2439
ECMDB06834,0.4390
ECMDB06872,0.1074
ECMDB06876,1.2888
ECMDB07858,2.5172
ECMDB07859,4.0659
ECMDB07860,3.0303
ECMDB07861,2.5660
ECMDB07862,3.3098
ECMDB07863,2.5457
ECMDB07864,3.7435
ECMDB07865,2.6861
ECMDB08821,2.3645
ECMDB08824,3.1058
ECMDB08827,4.4495
ECMDB08920,2.8486
ECMDB08923,2.4245
ECMDB08924,6.1970
ECMDB08953,2.6451
ECMDB08956,3.2276
ECMDB08957,2.0142
ECMDB08959,2.1973
ECMDB09019,2.2378
ECMDB09022,3.0964
ECMDB09023,5.7287
ECMDB10573,9.2036
ECMDB10615,5.0017
ECMDB10616,4.0865
ECMDB10618,2.5636
ECMDB11145,2.1580
ECMDB11155,4.6850
ECMDB11156,2.3057
ECMDB11616,0.0208
ECMDB11629,0.7838
ECMDB11688,0.1260
ECMDB12277,2.9529
ECMDB12278,2.0675
ECMDB12330,2.9252
ECMDB12332,3.5738
ECMDB12333,2.3284
ECMDB12352,3.8666
ECMDB12363,4.1247
ECMDB12366,3.7043
ECMDB20003,3.1254
ECMDB20004,0.8449
ECMDB20006,1.3488
ECMDB20019,0.8504
ECMDB20024,0.6796
ECMDB20025,4.1278
ECMDB20026,2.2496
ECMDB20027,2.4411
ECMDB20033,1.2075
ECMDB20034,1.7120
ECMDB20035,2.3374
ECMDB20049,1.5516
ECMDB20050,0.8835
ECMDB20054,3.4132
ECMDB20055,2.1803
ECMDB20058,1.4994
ECMDB20059,3.7927
ECMDB20062,0.2046
ECMDB20068,2.1348
ECMDB20078,0.8547
ECMDB20079,0.4327
ECMDB20081,0.0831
ECMDB20083,0.8908
ECMDB20088,2.5418
ECMDB20096,1.5052
ECMDB20099,0.5888
ECMDB20106,0.2820
ECMDB20110,0.9267
ECMDB20112,2.7134
ECMDB20113,2.6590
ECMDB20117,0.0871
ECMDB20123,1.5686
ECMDB20133,3.3254
ECMDB20139,1.1523
ECMDB20145,1.2088
ECMDB20148,1.8832
ECMDB20154,1.5262
ECMDB20155,3.5475
ECMDB20156,1.0273
ECMDB20157,0.5718
ECMDB20158,0.9444
ECMDB20161,0.5741
ECMDB20170,1.7747
ECMDB20171,1.8796
ECMDB20174,0.2239
ECMDB20175,0.5900
ECMDB20177,0.4982
ECMDB20178,1.3642
ECMDB20186,1.9796
ECMDB20187,2.3243
ECMDB20188,2.3229
ECMDB20189,1.3596
ECMDB20191,0.1815
ECMDB20192,1.8935
ECMDB20196,1.4165
ECMDB20202,3.3137
ECMDB20226,0.7441
ECMDB20238,0.3570
ECMDB20246,1.8232
ECMDB20267,1.7925
ECMDB20281,1.8269
ECMDB20298,3.5604
ECMDB20324,1.0233
ECMDB20325,1.7098
ECMDB20347,0.0064
ECMDB20428,1.6180
ECMDB20429,1.3314
ECMDB20469,2.3679
ECMDB20470,3.3847
ECMDB20485,3.9667
ECMDB20518,0.1450
ECMDB20537,2.0082
ECMDB20547,0.9407
ECMDB20549,1.2912
ECMDB20557,2.5941
ECMDB20558,1.8974
ECMDB20562,2.7359
ECMDB20564,0.3929
ECMDB20573,1.3182
ECMDB20575,1.3430
ECMDB20579,4.9096
ECMDB20594,1.3732
ECMDB20601,0.0009
ECMDB20608,2.9725
ECMDB20612,1.6952
ECMDB20613,3.7602
ECMDB20620,2.2324
ECMDB20622,1.5130
ECMDB21000,1.7308
ECMDB21005,0.0197
ECMDB21014,1.2691
ECMDB21015,2.3654
ECMDB21016,3.6591
ECMDB21017,3.1253
ECMDB21018,3.4391
ECMDB21019,2.0390
ECMDB21020,4.7871
ECMDB21021,2.5384
ECMDB21024,3.4391
ECMDB21025,3.8098
ECMDB21026,3.3297
ECMDB21027,5.4482
ECMDB21028,2.8397
ECMDB21030,3.5945
ECMDB21033,2.5146
ECMDB21037,4.0400
ECMDB21041,2.4841
ECMDB21042,3.9905
ECMDB21044,4.3991
ECMDB21045,2.4344
ECMDB21049,4.5882
ECMDB21050,4.4019
ECMDB21054,2.6836
ECMDB21055,2.5941
ECMDB21060,3.1773
ECMDB21062,3.1650
ECMDB21063,4.7870
ECMDB21064,4.3186
ECMDB21065,4.0441
ECMDB21066,7.2448
ECMDB21067,2.0925
ECMDB21068,2.6622
ECMDB21070,2.8009
ECMDB21073,4.2995
ECMDB21075,7.2827
ECMDB21082,2.9267
ECMDB21084,1.5227
ECMDB21086,2.2640
ECMDB21103,3.8178
ECMDB21104,2.3991
ECMDB21105,3.2403
ECMDB21106,5.7828
ECMDB21108,3.4750
ECMDB21109,3.3876
HMDB0000010,0.0010
HMDB0000015,0.0009
HMDB0000016,0.0045
HMDB0000021,0.0192
HMDB0000032,0.0454
HMDB0000036,0.5404
HMDB0000037,0.0043
HMDB0000045,0.0520
HMDB0000054,1.7323
HMDB0000058,0.4356
HMDB0000061,0.1785
HMDB0000063,0.0142
HMDB0000067,1.4712
HMDB0000082,1.8452
HMDB0000095,0.0035
HMDB0000125,1.0023
HMDB0000138,0.0516
HMDB0000163,0.3074
HMDB0000175,1.3561
HMDB0000186,0.1800
HMDB0000217,4.2637
HMDB0000218,1.1957
HMDB0000221,3.5678
HMDB0000222,1.6937
HMDB0000229,0.4245
HMDB0000230,0.3024
HMDB0000241,0.0399
HMDB0000248,0.8424
HMDB0000253,0.0053
HMDB0000256,1.9076
HMDB0000265,0.7170
HMDB0000268,0.0283
HMDB0000269,2.4472
HMDB0000277,2.4815
HMDB0000280,0.3191
HMDB0000285,2.9162
HMDB0000286,2.3593
HMDB0000288,0.9626
HMDB0000290,1.9420
HMDB0000295,1.2180
HMDB0000302,1.9925
HMDB0000308,0.0157
HMDB0000315,0.0011
HMDB0000319,0.0166
HMDB0000326,0.0664
HMDB0000332,0.0163
HMDB0000352,0.0009
HMDB0000359,0.1102
HMDB0000363,0.0045
HMDB0000374,0.0019
HMDB0000380,0.2981
HMDB0000405,0.2374
HMDB0000416,0.0071
HMDB0000418,0.0216
HMDB0000430,0.2273
HMDB0000449,0.0079
HMDB0000489,0.5220
HMDB0000494,0.1669
HMDB0000496,1.1873
HMDB0000501,0.0322
HMDB0000518,0.6044
HMDB0000526,0.0032
HMDB0000534,0.1371
HMDB0000538,1.8022
HMDB0000550,0.0008
HMDB0000561,1.8105
HMDB0000569,2.2566
HMDB0000570,0.6424
HMDB0000572,2.3839
HMDB0000582,0.1186
HMDB0000585,1.7345
HMDB0000600,0.5096
HMDB0000601,0.5108
HMDB0000610,2.7734
HMDB0000619,0.0799
HMDB0000626,0.0761
HMDB0000631,1.6006
HMDB0000637,1.1516
HMDB0000643,0.6303
HMDB0000651,1.3670
HMDB0000653,1.0666
HMDB0000656,2.0854
HMDB0000658,3.0739
HMDB0000674,4.1674
HMDB0000686,0.0214
HMDB0000693,1.5667
HMDB0000698,0.3931
HMDB0000708,0.7251
HMDB0000722,2.4780
HMDB0000733,0.0384
HMDB0000737,1.1301
HMDB0000739,1.4302
HMDB0000757,0.0247
HMDB0000760,0.3421
HMDB0000761,0.0771
HMDB0000774,0.1091
HMDB0000797,0.1386
HMDB0000801,3.0842
HMDB0000814,0.0065
HMDB0000825,1.7226
HMDB0000848,1.8295
HMDB0000851,1.5881
HMDB0000874,0.3222
HMDB0000876,0.4222
HMDB0000878,0.0392
HMDB0000879,0.0214
HMDB0000885,2.3964
HMDB0000896,0.5663
HMDB0000900,0.3022
HMDB0000902,1.8895
HMDB0000903,0.2530
HMDB0000907,0.0740
HMDB0000908,0.1701
HMDB0000912,1.1667
HMDB0000917,0.6740
HMDB0000918,1.3258
HMDB0000921,0.5555
HMDB0000939,3.0935
HMDB0000944,2.1440
HMDB0000946,0.9210
HMDB0000949,0.0097
HMDB0000950,5.1319
HMDB0000951,1.0788
HMDB0000961,2.0260
HMDB0000975,0.0078
HMDB0000998,1.6671
HMDB0001000,0.7117
HMDB0001032,0.0100
HMDB0001043,1.7505
HMDB0001045,0.9207
HMDB0001056,2.1529
HMDB0001058,0.7727
HMDB0001060,2.1253
HMDB0001062,0.3873
HMDB0001067,1.5984
HMDB0001081,1.0544
HMDB0001085,1.3769
HMDB0001091,0.4280
HMDB0001139,1.8097
HMDB0001155,3.2924
HMDB0001160,1.8538
HMDB0001170,1.5509
HMDB0001185,2.3540
HMDB0001191,2.4581
HMDB0001198,2.1506
HMDB0001201,1.7538
HMDB0001220,1.4091
HMDB0001244,1.5375
HMDB0001248,1.6508
HMDB0001251,0.0382
HMDB0001262,0.7861
HMDB0001273,2.0741
HMDB0001296,1.6705
HMDB0001314,1.3219
HMDB0001341,0.8021
HMDB0001367,0.6046
HMDB0001372,3.2326
HMDB0001383,2.6321
HMDB0001396,2.9704
HMDB0001397,0.0266
HMDB0001403,0.7196
HMDB0001419,0.6267
HMDB0001420,0.0633
HMDB0001425,0.0504
HMDB0001438,0.0630
HMDB0001442,2.9608
HMDB0001449,0.1367
HMDB0001452,0.4285
HMDB0001455,0.0017
HMDB0001471,0.0068
HMDB0001487,2.9865
HMDB0001496,0.0266
HMDB0001509,2.7118
HMDB0001517,1.2225
HMDB0001520,3.0005
HMDB0001532,1.9503
HMDB0001533,0.2299
HMDB0001546,0.0131
HMDB0001547,0.0520
HMDB0001562,2.1998
HMDB0001830,0.0012
HMDB0001846,3.6311
HMDB0001852,2.4780
HMDB0001903,1.6673
HMDB0001976,1.6983
HMDB0001993,1.1494
HMDB0001999,2.2223
HMDB0002014,2.9301
HMDB0002027,0.0815
HMDB0002088,1.9248
HMDB0002094,2.1660
HMDB0002098,0.2482
HMDB0002103,0.2195
HMDB0002158,0.9614
HMDB0002163,0.9758
HMDB0002177,2.7057
HMDB0002181,3.3280
HMDB0002183,1.9218
HMDB0002190,2.3067
HMDB0002195,1.9086
HMDB0002200,3.0699
HMDB0002226,2.2069
HMDB0002231,2.5172
HMDB0002232,2.7352
HMDB0002250,1.4934
HMDB0002265,1.1904
HMDB0002277,2.0788
HMDB0002283,2.7527
HMDB0002311,2.1328
HMDB0002314,2.1930
HMDB0002343,2.0999
HMDB0002356,2.4890
HMDB0002364,0.0111
HMDB0002368,2.3183
HMDB0002369,2.8186
HMDB0002374,0.0140
HMDB0002409,0.7866
HMDB0002504,0.6463
HMDB0002580,0.4298
HMDB0002586,0.4228
HMDB0002639,0.2610
HMDB0002642,0.1076
HMDB0002656,1.4130
HMDB0002664,2.7660
HMDB0002666,0.7625
HMDB0002685,2.5550
HMDB0002689,2.1696
HMDB0002710,3.2499
HMDB0002719,0.0686
HMDB0002752,2.7467
HMDB0002759,0.0064
HMDB0002776,1.0512
HMDB0002802,0.0634
HMDB0002815,3.1120
HMDB0002823,1.4992
HMDB0002829,0.0063
HMDB0002833,0.0054
HMDB0002884,2.0820
HMDB0002886,2.3771
HMDB0002902,2.8295
HMDB0002904,0.6708
HMDB0002923,1.9408
HMDB0002925,2.3758
HMDB0002972,2.3362
HMDB0002984,0.0007
HMDB0003034,0.5666
HMDB0003069,0.0009
HMDB0003080,2.2247
HMDB0003128,0.0539
HMDB0003141,2.3965
HMDB0003175,3.0062
HMDB0003180,0.2805
HMDB0003193,0.0111
HMDB0003252,1.3265
HMDB0003337,2.2805
HMDB0003474,0.3399
HMDB0003502,0.6136
HMDB0003514,0.2920
HMDB0003540,0.5755
HMDB0003550,1.9558
HMDB0003572,2.6359
HMDB0003598,0.3084
HMDB0003648,3.8591
HMDB0003733,2.2882
HMDB0003759,0.0034
HMDB0003871,2.7308
HMDB0003876,2.1970
HMDB0003933,2.9006
HMDB0003955,0.2948
HMDB0003993,2.1925
HMDB0004025,0.0044
HMDB0004026,0.0031
HMDB0004029,0.0075
HMDB0004030,0.0023
HMDB0004031,0.0009
HMDB0004068,0.0010
HMDB0004080,1.9894
HMDB0004158,1.8557
HMDB0004160,1.2675
HMDB0004236,1.5482
HMDB0004238,0.5927
HMDB0004240,0.8758
HMDB0004242,1.7870
HMDB0004243,2.9362
HMDB0004244,2.8476
HMDB0004264,2.8611
HMDB0004385,1.9562
HMDB0004483,0.0560
HMDB0004484,0.0213
HMDB0004645,2.5895
HMDB0004666,1.4904
HMDB0004673,1.4983
HMDB0004679,2.5629
HMDB0004680,2.1489
HMDB0004682,2.8874
HMDB0004684,1.4206
HMDB0004685,1.1304
HMDB0004688,2.9174
HMDB0004693,2.5841
HMDB0004704,1.3704
HMDB0004705,3.3456
HMDB0004708,2.5447
HMDB0004710,1.7638
HMDB0004824,0.1056
HMDB0004947,1.8079
HMDB0004948,2.2366
HMDB0004949,5.2352
HMDB0004950,3.7613
HMDB0004951,2.4987
HMDB0004952,2.2838
HMDB0004953,3.1892
HMDB0004955,2.7473
HMDB0004956,2.2185
HMDB0004957,3.5040
HMDB0005028,1.4862
HMDB0005045,3.7533
HMDB0005049,2.5830
HMDB0005056,2.6343
HMDB0005060,2.2378
HMDB0005065,3.7940
HMDB0005066,2.0584
HMDB0005073,2.7615
HMDB0005079,1.2867
HMDB0005081,1.4144
HMDB0005083,0.4090
HMDB0005087,1.6565
HMDB0005088,2.4645
HMDB0005095,2.5185
HMDB0005096,2.5442
HMDB0005099,1.6027
HMDB0005102,2.0700
HMDB0005189,2.6179
HMDB0005193,3.6235
HMDB0005768,3.7988
HMDB0005770,1.1314
HMDB0005789,1.1621
HMDB0005821,0.0172
HMDB0005972,0.0142
HMDB0005998,3.3123
HMDB0006031,0.0009
HMDB0006045,0.7931
HMDB0006059,2.8238
HMDB0006070,0.0013
HMDB0006111,2.2278
HMDB0006117,2.5497
HMDB0006119,0.1771
HMDB0006203,0.2271
HMDB0006219,4.6737
HMDB0006224,0.3214
HMDB0006245,3.0024
HMDB0006247,0.0827
HMDB0006317,2.7641
HMDB0006327,1.2088
HMDB0006335,1.8402
HMDB0006461,4.8335
HMDB0006464,2.7938
HMDB0006465,3.9273
HMDB0006469,2.9888
HMDB0006528,2.7953
HMDB0006535,0.8452
HMDB0006552,0.0181
HMDB0006566,1.5858
HMDB0006567,0.3231
HMDB0006569,1.7099
HMDB0006587,2.1925
HMDB0006606,1.6269
HMDB0006707,2.0550
HMDB0006725,1.2325
HMDB0006726,1.8389
HMDB0006727,4.0091
HMDB0006730,3.2925
HMDB0006731,1.4965
HMDB0006733,2.4422
HMDB0006734,2.0287
HMDB0006736,1.5628
HMDB0006737,5.0347
HMDB0006740,2.8918
HMDB0006759,0.0026
HMDB0006766,0.0014
HMDB0006840,1.3185
HMDB0006841,0.0364
HMDB0006940,1.3616
HMDB0007011,2.6405
HMDB0007012,4.2571
HMDB0007013,2.9585
HMDB0007014,3.4741
HMDB0007015,2.4697
HMDB0007016,4.5245
HMDB0007017,6.8375
HMDB0007018,2.8878
HMDB0007020,1.9632
HMDB0007021,3.4429
HMDB0007022,2.6979
HMDB0007023,4.6222
HMDB0007024,4.3144
HMDB0007025,2.3359
HMDB0007026,3.9823
HMDB0007029,9.4841
HMDB0007030,3.2455
HMDB0007031,2.3225
HMDB0007032,6.3886
HMDB0007033,3.2306
HMDB0007035,2.9135
HMDB0007036,3.1630
HMDB0007040,2.0681
HMDB0007041,3.5038
HMDB0007042,3.4092
HMDB0007043,2.3246
HMDB0007044,2.6047
HMDB0007045,2.4296
HMDB0007049,2.9503
HMDB0007050,2.8507
HMDB0007051,3.7536
HMDB0007052,2.1518
HMDB0007053,5.9006
HMDB0007057,2.5676
HMDB0007058,2.9247
HMDB0007059,5.3407
HMDB0007060,4.9682
HMDB0007064,4.3655
HMDB0007065,2.7118
HMDB0007068,5.2295
HMDB0007095,3.6401
HMDB0007096,2.4927
HMDB0007098,2.2074
HMDB0007099,2.1436
HMDB0007100,2.8048
HMDB0007101,2.2798
HMDB0007102,2.8835
HMDB0007103,4.2678
HMDB0007104,2.3839
HMDB0007105,4.0202
HMDB0007106,3.2351
HMDB0007107,2.9935
HMDB0007108,5.4629
HMDB0007109,4.4035
HMDB0007110,2.9097
HMDB0007111,2.2279
HMDB0007112,3.5886
HMDB0007113,2.3435
HMDB0007114,2.4877
HMDB0007115,2.9651
HMDB0007116,3.2285
HMDB0007117,2.5993
HMDB0007118,3.3425
HMDB0007119,3.4954
HMDB0007120,3.9060
HMDB0007121,3.9196
HMDB0007124,1.8699
HMDB0007125,2.9459
HMDB0007127,2.8469
HMDB0007128,5.7040
HMDB0007129,4.6470
HMDB0007130,3.7183
HMDB0007131,3.9177
HMDB0007132,2.5232
HMDB0007133,2.3862
HMDB0007134,2.3036
HMDB0007136,4.2725
HMDB0007137,4.8271
HMDB0007138,3.1227
HMDB0007139,2.8428
HMDB0007140,3.9042
HMDB0007141,3.3037
HMDB0007142,3.1312
HMDB0007144,3.4593
HMDB0007145,3.2034
HMDB0007146,2.5993
HMDB0007147,3.3561
HMDB0007148,3.0901
HMDB0007149,3.0685
HMDB0007153,6.2842
HMDB0007154,2.8802
HMDB0007156,3.0047
HMDB0007157,3.9125
HMDB0007158,2.1497
HMDB0007159,2.9134
HMDB0007160,5.7052
HMDB0007161,1.9162
HMDB0007162,4.6271
HMDB0007163,5.0887
HMDB0007164,4.2942
HMDB0007165,3.5583
HMDB0007166,3.0609
HMDB0007167,2.7368
HMDB0007168,4.2882
HMDB0007169,3.6140
HMDB0007170,3.5908
HMDB0007171,3.3997
HMDB0007172,3.4812
HMDB0007176,2.4304
HMDB0007179,5.2742
HMDB0007182,2.1379
HMDB0007183,3.1507
HMDB0007185,3.8345
HMDB0007186,4.5695
HMDB0007187,4.0684
HMDB0007188,4.3680
HMDB0007189,2.8015
HMDB0007190,5.2491
HMDB0007191,8.0823
HMDB0007192,2.1461
HMDB0007193,4.8405
HMDB0007194,3.8591
HMDB0007195,3.3389
HMDB0007196,2.1771
HMDB0007197,3.3436
HMDB0007198,3.1936
HMDB0007199,5.4246
HMDB0007200,4.5230
HMDB0007201,3.8283
HMDB0007206,2.6958
HMDB0007207,3.9272
HMDB0007208,3.5477
HMDB0007211,2.3318
HMDB0007212,1.7012
HMDB0007214,2.4341
HMDB0007215,2.2754
HMDB0007216,2.2521
HMDB0007217,2.6251
HMDB0007218,6.7752
HMDB0007219,2.8918
HMDB0007220,6.4495
HMDB0007221,2.4378
HMDB0007222,5.6371
HMDB0007223,3.8516
HMDB0007224,3.0592
HMDB0007225,4.5313
HMDB0007226,5.2270
HMDB0007227,3.1164
HMDB0007228,2.2435
HMDB0007229,2.7588
HMDB0007230,2.3072
HMDB0007235,2.0744
HMDB0007236,4.7679
HMDB0007237,2.9802
HMDB0007240,5.0532
HMDB0007241,2.2718
HMDB0007243,2.6714
HMDB0007244,4.4481
HMDB0007245,2.5045
HMDB0007246,2.5645
HMDB0007247,3.8505
HMDB0007248,3.9175
HMDB0007249,3.4089
HMDB0007250,3.5501
HMDB0007252,2.8056
HMDB0007253,3.9300
HMDB0007254,4.1505
HMDB0007255,3.1694
HMDB0007256,3.8116
HMDB0007257,4.5635
HMDB0007258,2.5923
HMDB0007262,4.9645
HMDB0007263,3.1934
HMDB0007264,3.5550
HMDB0007265,4.0384
HMDB0007269,2.4979
HMDB0007272,3.3685
HMDB0007273,2.7571
HMDB0007274,2.6326
HMDB0007275,1.8521
HMDB0007276,2.8478
HMDB0007277,3.6190
HMDB0007281,2.9193
HMDB0007282,2.4649
HMDB0007283,3.8131
HMDB0007284,2.2389
HMDB0007285,3.7547
HMDB0007290,6.0515
HMDB0007292,3.0750
HMDB0007298,2.7897
HMDB0007301,2.1313
HMDB0007302,4.0160
HMDB0007303,2.7841
HMDB0007304,2.1469
HMDB0007305,5.1439
HMDB0007306,4.1732
HMDB0007310,4.2616
HMDB0007311,6.4655
HMDB0007312,2.4277
HMDB0007313,2.2071
HMDB0007314,1.9521
HMDB0007319,4.2655
HMDB0007321,2.8794
HMDB0007330,2.1440
HMDB0007332,3.4761
HMDB0007333,2.5840
HMDB0007334,2.4679
HMDB0007339,2.4181
HMDB0007340,3.3123
HMDB0007341,2.2368
HMDB0007347,2.9972
HMDB0007349,3.8006
HMDB0007356,4.0397
HMDB0007357,2.5808
HMDB0007359,7.2108
HMDB0007360,4.8101
HMDB0007361,4.3667
HMDB0007362,3.0250
HMDB0007363,4.5695
HMDB0007364,2.7806
HMDB0007365,5.2739
HMDB0007366,4.7640
HMDB0007367,2.5015
HMDB0007373,4.1158
HMDB0007374,4.9014
HMDB0007385,3.9611
HMDB0007386,4.1017
HMDB0007388,2.5946
HMDB0007389,2.5014
HMDB0007390,2.7488
HMDB0007391,4.6334
HMDB0007392,5.7228
HMDB0007393,2.3731
HMDB0007394,2.2674
HMDB0007395,2.5128
HMDB0007396,3.3457
HMDB0007400,6.0606
HMDB0007401,5.8656
HMDB0007404,3.8085
HMDB0007414,3.7493
HMDB0007415,2.5409
HMDB0007417,4.0758
HMDB0007418,2.6496
HMDB0007419,3.4984
HMDB0007420,3.1569
HMDB0007421,6.5412
HMDB0007422,2.3565
HMDB0007423,5.8626
HMDB0007424,4.0436
HMDB0007425,3.8746
HMDB0007428,3.9541
HMDB0007431,3.0903
HMDB0007432,6.1924
HMDB0007433,2.7921
HMDB0007443,4.3264
HMDB0007444,3.4905
HMDB0007446,5.7143
HMDB0007447,2.6627
HMDB0007448,2.5320
HMDB0007449,3.1445
HMDB0007450,4.3987
HMDB0007451,2.1762
HMDB0007452,3.0397
HMDB0007453,4.7791
HMDB0007456,6.2236
HMDB0007458,2.5566
HMDB0007459,3.0450
HMDB0007460,5.8821
HMDB0007461,4.2169
HMDB0007472,2.7226
HMDB0007473,3.7831
HMDB0007475,4.9736
HMDB0007476,2.3142
HMDB0007477,3.4155
HMDB0007478,2.9206
HMDB0007479,4.5924
HMDB0007480,5.8637
HMDB0007481,3.1690
HMDB0007482,3.7842
HMDB0007485,3.7263
HMDB0007487,3.9186
HMDB0007488,1.9863
HMDB0007489,2.4277
HMDB0007490,3.7743
HMDB0007501,3.5877
HMDB0007504,2.3004
HMDB0007505,4.2557
HMDB0007506,4.7860
HMDB0007507,3.5943
HMDB0007508,2.4823
HMDB0007509,4.3153
HMDB0007513,3.0426
HMDB0007515,6.5925
HMDB0007516,2.1647
HMDB0007517,3.5384
HMDB0007530,3.3365
HMDB0007533,2.7345
HMDB0007534,2.6133
HMDB0007535,6.1078
HMDB0007536,3.0116
HMDB0007537,3.5637
HMDB0007538,2.9615
HMDB0007544,3.6546
HMDB0007545,2.2708
HMDB0007546,2.2557
HMDB0007562,5.4519
HMDB0007564,2.6487
HMDB0007565,2.8610
HMDB0007566,2.7969
HMDB0007572,2.7007
HMDB0007573,3.2699
HMDB0007588,3.1624
HMDB0007589,2.8062
HMDB0007591,4.1070
HMDB0007592,3.3056
HMDB0007599,4.1376
HMDB0007617,2.2312
HMDB0007618,3.6395
HMDB0007620,2.8401
HMDB0007621,2.4335
HMDB0007626,2.9966
HMDB0007627,2.6991
HMDB0007646,2.6106
HMDB0007647,2.6796
HMDB0007649,3.7767
HMDB0007650,5.1580
HMDB0007654,5.8080
HMDB0007657,3.7116
HMDB0007675,3.0974
HMDB0007676,2.4597
HMDB0007678,2.6741
HMDB0007679,2.8705
HMDB0007680,3.8773
HMDB0007683,2.6733
HMDB0007684,5.2624
HMDB0007685,2.5093
HMDB0007704,3.2967
HMDB0007707,2.4147
HMDB0007708,3.0913
HMDB0007710,2.0593
HMDB0007711,3.2133
HMDB0007712,3.5842
HMDB0007733,2.4097
HMDB0007736,2.7801
HMDB0007737,3.3521
HMDB0007739,5.4145
HMDB0007740,2.4259
HMDB0007765,3.5570
HMDB0007767,4.4771
HMDB0007768,3.3909
HMDB0007769,3.1319
HMDB0007791,4.1926
HMDB0007792,4.6795
HMDB0007820,3.2541
HMDB0007821,3.2321
HMDB0007858,3.9253
HMDB0007859,3.6411
HMDB0007860,5.6586
HMDB0007861,5.1739
HMDB0007862,2.6182
HMDB0007863,2.3180
HMDB0007864,3.9540
HMDB0007865,2.1694
HMDB0007873,2.7985
HMDB0007875,3.2493
HMDB0007929,4.4348
HMDB0007965,2.5244
HMDB0007977,2.5926
HMDB0008096,3.9875
HMDB0008097,4.0280
HMDB0008098,2.9634
HMDB0008131,3.5657
HMDB0008172,4.2916
HMDB0008232,4.1594
HMDB0008324,3.5655
HMDB0008489,4.4941
HMDB0008525,4.0988
HMDB0008624,6.6278
HMDB0008652,3.8510
HMDB0008690,2.8983
HMDB0010168,2.1310
HMDB0010199,2.5302
HMDB0010201,3.3314
HMDB0010202,1.5042
HMDB0010204,2.5152
HMDB0010205,2.3451
HMDB0010208,1.6133
HMDB0010209,2.2500
HMDB0010210,1.2891
HMDB0010211,3.5101
HMDB0010212,4.0942
HMDB0010213,1.8105
HMDB0010214,2.8664
HMDB0010216,1.5400
HMDB0010217,2.0909
HMDB0010219,2.6733
HMDB0010221,3.0117
HMDB0010222,1.8217
HMDB0010316,0.0653
HMDB0010318,0.1349
HMDB0010319,2.0341
HMDB0010329,0.6013
HMDB0010335,0.1163
HMDB0010340,0.7196
HMDB0010343,0.8314
HMDB0010345,0.0224
HMDB0010348,0.0232
HMDB0010351,0.9182
HMDB0010356,0.0432
HMDB0010367,1.2530
HMDB0010368,2.6593
HMDB0010369,2.2478
HMDB0010370,2.3965
HMDB0010371,2.9694
HMDB0010372,2.5028
HMDB0010373,1.6748
HMDB0010374,3.5554
HMDB0010375,3.9180
HMDB0010376,3.5994
HMDB0010378,2.3275
HMDB0010379,3.0365
HMDB0010380,3.6633
HMDB0010381,2.0840
HMDB0010382,3.6600
HMDB0010383,2.8828
HMDB0010384,3.0789
HMDB0010385,2.3915
HMDB0010386,3.5707
HMDB0010387,2.9160
HMDB0010388,3.9196
HMDB0010389,6.1337
HMDB0010390,2.1324
HMDB0010391,7.2118
HMDB0010392,5.9210
HMDB0010393,5.3129
HMDB0010394,2.2962
HMDB0010395,3.2317
HMDB0010396,2.7552
HMDB0010397,3.3058
HMDB0010398,2.6353
HMDB0010399,3.4082
HMDB0010400,1.8613
HMDB0010401,4.0067
HMDB0010402,3.9911
HMDB0010403,3.1156
HMDB0010404,3.0160
HMDB0010405,3.0850
HMDB0010406,2.7430
HMDB0010407,2.1921
HMDB0010408,2.0545
HMDB0010410,2.3638
HMDB0010573,2.7419
HMDB0010575,3.8300
HMDB0010580,5.8381
HMDB0010581,3.4047
HMDB0010587,6.5351
HMDB0010588,2.6543
HMDB0010593,3.4114
HMDB0010597,2.6437
HMDB0010601,3.3076
HMDB0010603,2.6193
HMDB0010604,3.1344
HMDB0010610,2.4214
HMDB0010619,3.8858
HMDB0010622,2.9639
HMDB0010630,4.2365
HMDB0010631,3.4744
HMDB0010632,4.5106
HMDB0010637,3.8501
HMDB0010639,2.9861
HMDB0010645,2.9012
HMDB0010650,4.2957
HMDB0010651,2.1627
HMDB0010653,7.2943
HMDB0010655,5.7170
HMDB0010662,3.2910
HMDB0010677,3.1861
HMDB0010678,2.2681
HMDB0010679,4.0483
HMDB0010684,2.7850
HMDB0011134,2.0868
HMDB0011181,0.1226
HMDB0011214,5.0130
HMDB0011237,3.1557
HMDB0011244,4.0981
HMDB0011254,4.0529
HMDB0011269,4.3417
HMDB0011280,3.7177
HMDB0011303,4.8999
HMDB0011308,2.3342
HMDB0011537,1.5115
HMDB0011538,1.7668
HMDB0011567,2.9731
HMDB0011568,2.0586
HMDB0011578,2.4554
HMDB0011616,0.0067
HMDB0011628,0.0029
HMDB0011694,3.7349
HMDB0011720,3.4388
HMDB0011729,2.3812
HMDB0011730,0.4924
HMDB0011740,1.6522
HMDB0011742,1.2321
HMDB0011759,3.5265
HMDB0011760,3.4138
HMDB0011761,2.3169
HMDB0011762,5.6495
HMDB0011763,3.6534
HMDB0011764,4.9700
HMDB0011765,3.2694
HMDB0011768,2.2539
HMDB0011769,3.0663
HMDB0011771,4.8323
HMDB0011772,3.2785
HMDB0011773,3.0856
HMDB0011774,2.3107
HMDB0012108,3.5336
HMDB0012173,0.4483
HMDB0012252,1.7774
HMDB0012335,3.1002
HMDB0012358,3.0660
HMDB0012361,3.5453
HMDB0012365,7.1298
HMDB0012368,5.3042
HMDB0012375,3.6218
HMDB0012380,3.5524
HMDB0012385,3.7412
HMDB0012388,6.2637
HMDB0012392,2.6397
HMDB0012402,2.5625
HMDB0012412,3.2092
HMDB0012420,2.7342
HMDB0012421,3.8633
HMDB0012454,0.4631
HMDB0012598,2.9523
HMDB0012611,2.1038
HMDB0013078,2.3231
HMDB0013122,2.0973
HMDB0013205,3.2168
HMDB0013207,3.1175
HMDB0013288,2.3084
HMDB0013302,0.1051
HMDB0013325,0.7626
HMDB0013326,1.7664
HMDB0013327,1.9203
HMDB0013328,2.1969
HMDB0013329,1.7176
HMDB0013330,1.9783
HMDB0013331,3.7284
HMDB0013332,1.4908
HMDB0013333,1.9376
HMDB0013334,2.5032
HMDB0013335,3.8542
HMDB0013336,2.4807
HMDB0013337,4.3035
HMDB0013338,4.6293
HMDB0013339,2.5326
HMDB0013340,2.0594
HMDB0013428,3.5849
HMDB0013464,2.3702
HMDB0013467,6.4934
HMDB0013620,2.9043
HMDB0013621,2.1818
HMDB0013623,3.8132
HMDB0013624,2.1442
HMDB0013625,4.2197
HMDB0013626,2.8950
HMDB0013627,2.9021
HMDB0013628,2.0442
HMDB0013629,2.7798
HMDB0013630,1.7486
HMDB0013631,4.6445
HMDB0013633,2.1251
HMDB0013643,0.7230
HMDB0013692,1.1684
HMDB0029205,4.0893
HMDB0029206,5.8534
HMDB0029207,2.4056
HMDB0029220,4.4540
HMDB0029221,7.4636
HMDB0030956,1.5259
HMDB0031035,4.0101
HMDB0031452,0.5153
HMDB0033844,3.8280
HMDB0034369,0.0269
HMDB0035159,1.8217
HMDB0059759,1.2459
HMDB0060524,0.0345
HMDB0062544,0.0258
YMDB00008,0.6326
YMDB00011,1.1584
YMDB00023,0.0544
YMDB00057,2.6315
YMDB00097,0.6056
YMDB00108,0.8137
YMDB00109,2.5062
YMDB00110,1.0845
YMDB00143,6.4560
YMDB00160,0.8866
YMDB00259,3.0166
YMDB00349,0.3286
YMDB00415,1.0972
YMDB00426,2.0891
YMDB00427,2.6212
YMDB00534,1.5233
YMDB00658,1.8921
YMDB00700,0.6453
YMDB00744,1.2491
YMDB00745,0.7923
YMDB00914,1.0651
YMDB01107,3.9470
YMDB01108,2.9504
YMDB01109,4.6737
YMDB01110,3.6317
YMDB01122,4.0734
YMDB01123,2.5961
YMDB01124,2.5541
YMDB01125,4.3175
YMDB01127,1.9915
YMDB01128,3.9130
YMDB01129,3.2934
YMDB01132,3.9138
YMDB01155,2.4442
YMDB01156,2.2731
YMDB01158,2.5968
YMDB01159,1.9991
YMDB01161,1.9818
